0	9.910887219210850e-01	7.525634765625000e-03
1	9.851131068797647e-01	1.328735351562500e-02
2	9.799957721215350e-01	1.694335937500000e-02
3	9.780936203813372e-01	2.058105468750000e-02
4	9.762155994759213e-01	2.246093750000000e-02
5	9.747105700251102e-01	2.517089843750000e-02
6	9.735060302139528e-01	2.689208984375000e-02
7	9.716994755513180e-01	2.787475585937500e-02
8	9.707636089830026e-01	2.839965820312500e-02
9	9.700333995290272e-01	2.922363281250000e-02
10	9.688236117148089e-01	3.008422851562500e-02
11	9.694557583773094e-01	3.024291992187500e-02
12	9.692275051046392e-01	3.098754882812500e-02
13	9.686024458208046e-01	3.040161132812500e-02
14	9.690727530512541e-01	3.109130859375000e-02
15	9.692939578014669e-01	3.049926757812500e-02
16	9.694752590462633e-01	3.001098632812500e-02
17	9.683022944477004e-01	3.072509765625000e-02
18	9.693604143983946e-01	3.032226562500000e-02
19	9.692133297628928e-01	3.074951171875000e-02
20	9.696777664897208e-01	2.972412109375000e-02
21	9.691250423840266e-01	3.058471679687500e-02
22	9.690016717629334e-01	3.099365234375000e-02
23	9.691844489042727e-01	2.949218750000000e-02
24	9.693287096888588e-01	3.087768554687500e-02
25	9.695985746316310e-01	3.018798828125000e-02
26	9.693318823210668e-01	3.048706054687500e-02
27	9.692939734521467e-01	2.937622070312500e-02
28	9.688996380103617e-01	3.001098632812500e-02
29	9.687570279164452e-01	3.093872070312500e-02
30	9.688826792592861e-01	2.998046875000000e-02
31	9.694407666959686e-01	3.121337890625000e-02
32	9.680524487546553e-01	3.084716796875000e-02
33	9.682858274522298e-01	3.074951171875000e-02
34	9.693671228106581e-01	3.012695312500000e-02
35	9.685737792713188e-01	3.010864257812500e-02
36	9.690310210713435e-01	3.153076171875000e-02
37	9.688997279518886e-01	2.935180664062500e-02
38	9.695130139857392e-01	2.990112304687500e-02
39	9.690051769110948e-01	3.028564453125000e-02
40	9.696760274262665e-01	3.005981445312500e-02
41	9.695320116930543e-01	2.958374023437500e-02
42	9.698100960792740e-01	3.021850585937500e-02
43	9.692219752333618e-01	3.001708984375000e-02
44	9.684613082283670e-01	3.068847656250000e-02
45	9.690606632837856e-01	3.021240234375000e-02
46	9.686734826277767e-01	3.064575195312500e-02
47	9.688006808995436e-01	2.993774414062500e-02
48	9.689094106374466e-01	3.136596679687500e-02
49	9.689466402851931e-01	3.090820312500000e-02
50	9.689555255152275e-01	3.046264648437500e-02
51	9.690752148386239e-01	2.984619140625000e-02
52	9.690944563694347e-01	2.982788085937500e-02
53	9.694963637911820e-01	3.090820312500000e-02
54	9.693912072082608e-01	2.971191406250000e-02
55	9.684898633499497e-01	3.008422851562500e-02
56	9.682385007513418e-01	2.974243164062500e-02
57	9.687578732211852e-01	2.963256835937500e-02
58	9.685134925615467e-01	3.056030273437500e-02
59	9.689616954156173e-01	2.963867187500000e-02
60	9.686266260260058e-01	3.052368164062500e-02
61	9.686518162470908e-01	3.013916015625000e-02
62	9.695587167588351e-01	2.991943359375000e-02
63	9.689167483800524e-01	3.057861328125000e-02
64	9.682200887782679e-01	3.034057617187500e-02
65	9.682093455333859e-01	3.032226562500000e-02
66	9.685156499340102e-01	3.023681640625000e-02
67	9.682195128741445e-01	3.029174804687500e-02
68	9.685784417841244e-01	3.139648437500000e-02
69	9.691747565851491e-01	3.140258789062500e-02
70	9.688131400068780e-01	3.010253906250000e-02
71	9.695041726802066e-01	3.021850585937500e-02
72	9.690988692266821e-01	3.070068359375000e-02
73	9.693857928026216e-01	2.975463867187500e-02
74	9.686133845568801e-01	3.041992187500000e-02
75	9.691301717887416e-01	3.011474609375000e-02
76	9.690754691758922e-01	3.090820312500000e-02
77	9.682663983088867e-01	3.028564453125000e-02
78	9.696452891710509e-01	3.038330078125000e-02
79	9.697011414984087e-01	2.986450195312500e-02
80	9.699780284611769e-01	2.966918945312500e-02
81	9.696919993143097e-01	2.979125976562500e-02
82	9.689787753350717e-01	2.967529296875000e-02
83	9.685314795587258e-01	3.043823242187500e-02
84	9.689314265316585e-01	3.097534179687500e-02
85	9.683433253979551e-01	2.987060546875000e-02
86	9.680130218346749e-01	3.041992187500000e-02
87	9.687916350652452e-01	2.974243164062500e-02
88	9.688665091905745e-01	2.977294921875000e-02
89	9.689019375524928e-01	2.967529296875000e-02
90	9.697958919561963e-01	3.004760742187500e-02
91	9.693769518637841e-01	2.987670898437500e-02
92	9.688110680683302e-01	2.962646484375000e-02
93	9.687376271904276e-01	2.979125976562500e-02
94	9.685094661072461e-01	3.007202148437500e-02
95	9.683259243477060e-01	3.088378906250000e-02
96	9.684008223267307e-01	3.002929687500000e-02
97	9.683595515089872e-01	2.998657226562500e-02
98	9.685260359024060e-01	2.990722656250000e-02
99	9.690354660606482e-01	2.942504882812500e-02
100	9.689080603473069e-01	2.967529296875000e-02
101	9.690155923422927e-01	2.952270507812500e-02
102	9.691918797215581e-01	3.023681640625000e-02
103	9.693460344861281e-01	2.989501953125000e-02
104	9.691048231786158e-01	3.075561523437500e-02
105	9.686091654706076e-01	2.924804687500000e-02
106	9.677314675671056e-01	3.004760742187500e-02
107	9.676674583611703e-01	3.037719726562500e-02
108	9.683280916340783e-01	2.991943359375000e-02
109	9.685332770073680e-01	2.960815429687500e-02
110	9.689726499870424e-01	2.895507812500000e-02
111	9.681721205503989e-01	3.046264648437500e-02
112	9.682745787864141e-01	3.083496093750000e-02
113	9.680215158787848e-01	3.047485351562500e-02
114	9.676124402420401e-01	3.034057617187500e-02
115	9.682181949933605e-01	2.995605468750000e-02
116	9.683546312874953e-01	2.975463867187500e-02
117	9.682914677111877e-01	2.961425781250000e-02
118	9.680934634438709e-01	3.064575195312500e-02
119	9.688179660211084e-01	3.054199218750000e-02
120	9.688132583795871e-01	2.982177734375000e-02
121	9.687592786073238e-01	2.998046875000000e-02
122	9.691107230162204e-01	2.986450195312500e-02
123	9.686438766819493e-01	3.017578125000000e-02
124	9.679915566583349e-01	2.955322265625000e-02
125	9.681359328025679e-01	3.037719726562500e-02
126	9.687362119026665e-01	2.952880859375000e-02
127	9.688007600060401e-01	2.918701171875000e-02
128	9.689188070369038e-01	2.952270507812500e-02
129	9.688716859721916e-01	2.957763671875000e-02
130	9.683717378409541e-01	2.896118164062500e-02
131	9.682417133406588e-01	2.976684570312500e-02
132	9.685823969823844e-01	2.957763671875000e-02
133	9.692058100055018e-01	3.030395507812500e-02
134	9.686323252624183e-01	2.999267578125000e-02
135	9.685596045130119e-01	2.910766601562500e-02
136	9.679958892430199e-01	2.902832031250000e-02
137	9.687476310990234e-01	3.013305664062500e-02
138	9.692289059842918e-01	2.932128906250000e-02
139	9.687149746405850e-01	2.977294921875000e-02
140	9.685107456690415e-01	2.817382812500000e-02
141	9.681753922405725e-01	2.995605468750000e-02
142	9.689205339201840e-01	2.948608398437500e-02
143	9.690225475097455e-01	2.962036132812500e-02
144	9.687259366314334e-01	2.935180664062500e-02
145	9.688750039350652e-01	2.971801757812500e-02
146	9.681426137172258e-01	3.021850585937500e-02
147	9.685015915204245e-01	2.949829101562500e-02
148	9.680202816729628e-01	3.025512695312500e-02
149	9.682224297446074e-01	2.965698242187500e-02
150	9.678510557598857e-01	3.038940429687500e-02
151	9.687101956252593e-01	2.939453125000000e-02
152	9.686154222301501e-01	2.946777343750000e-02
153	9.688213481758882e-01	3.021240234375000e-02
154	9.679241858371542e-01	2.976684570312500e-02
155	9.673421663133303e-01	2.968750000000000e-02
156	9.678492309529534e-01	3.045654296875000e-02
157	9.678674704256863e-01	2.991943359375000e-02
158	9.675045114373089e-01	3.052978515625000e-02
159	9.673383076584030e-01	2.995605468750000e-02
160	9.684905338526445e-01	3.031005859375000e-02
161	9.692558647479900e-01	2.905273437500000e-02
162	9.688752918067770e-01	2.844848632812500e-02
163	9.680236256298355e-01	2.985229492187500e-02
164	9.682646303112374e-01	2.900390625000000e-02
165	9.684966822715753e-01	2.946777343750000e-02
166	9.688825467185748e-01	2.968750000000000e-02
167	9.685331015058004e-01	2.885742187500000e-02
168	9.676768128400491e-01	3.032836914062500e-02
169	9.670397012823654e-01	3.048706054687500e-02
170	9.669020444048458e-01	2.953491210937500e-02
171	9.682613491740540e-01	3.016357421875000e-02
172	9.686768337725854e-01	2.845458984375000e-02
173	9.675037707672867e-01	2.966918945312500e-02
174	9.677022651152670e-01	2.941894531250000e-02
175	9.675625689815862e-01	2.968139648437500e-02
176	9.679337095009860e-01	2.974853515625000e-02
177	9.680842055493663e-01	2.916870117187500e-02
178	9.678529166955580e-01	2.918090820312500e-02
179	9.684333253798171e-01	2.974853515625000e-02
180	9.683379555521453e-01	2.824096679687500e-02
181	9.680381028003254e-01	2.952880859375000e-02
182	9.672498711701456e-01	2.907104492187500e-02
183	9.683620630314641e-01	2.982177734375000e-02
184	9.669630453599311e-01	3.027343750000000e-02
185	9.667533096742237e-01	3.021240234375000e-02
186	9.672164323487783e-01	3.036499023437500e-02
187	9.676528766783590e-01	2.951660156250000e-02
188	9.681413304917516e-01	2.944335937500000e-02
189	9.674757931201500e-01	2.998657226562500e-02
190	9.680474725762686e-01	3.017578125000000e-02
191	9.673412725062414e-01	3.007812500000000e-02
192	9.672983469923809e-01	2.937622070312500e-02
193	9.675548638287176e-01	2.930908203125000e-02
194	9.669072709350242e-01	3.022460937500000e-02
195	9.668900113886125e-01	2.966308593750000e-02
196	9.668534063676663e-01	2.973632812500000e-02
197	9.669378423543672e-01	3.018188476562500e-02
198	9.672092645013396e-01	2.944946289062500e-02
199	9.678766817364277e-01	2.971801757812500e-02
200	9.677287372009548e-01	2.927856445312500e-02
201	9.676848522893654e-01	2.892456054687500e-02
202	9.690341291094055e-01	2.960205078125000e-02
203	9.687401818772664e-01	2.930908203125000e-02
204	9.681357485254471e-01	2.878417968750000e-02
205	9.681616209911508e-01	2.854003906250000e-02
206	9.679694755633951e-01	2.859497070312500e-02
207	9.691603514162129e-01	2.872924804687500e-02
208	9.688403214839491e-01	2.828979492187500e-02
209	9.686148345954558e-01	2.882080078125000e-02
210	9.694081257711279e-01	2.867431640625000e-02
211	9.682617518268074e-01	2.885742187500000e-02
212	9.675569582241651e-01	2.983398437500000e-02
213	9.679088377421513e-01	2.902832031250000e-02
214	9.673888410076189e-01	2.936401367187500e-02
215	9.678286067474926e-01	2.927246093750000e-02
216	9.676279561862016e-01	2.969970703125000e-02
217	9.682596844020918e-01	2.935791015625000e-02
218	9.675592457733847e-01	2.873535156250000e-02
219	9.673662885075943e-01	2.846679687500000e-02
220	9.669558950027605e-01	3.042602539062500e-02
221	9.679119600153139e-01	2.848510742187500e-02
222	9.679723158244343e-01	2.855224609375000e-02
223	9.674240596377697e-01	2.946166992187500e-02
224	9.665569318496764e-01	3.002929687500000e-02
225	9.683809217658256e-01	2.905883789062500e-02
226	9.680315673359764e-01	2.967529296875000e-02
227	9.675202045352912e-01	2.901000976562500e-02
228	9.671382335359086e-01	2.935180664062500e-02
229	9.675005918212478e-01	2.892456054687500e-02
230	9.671987448276432e-01	2.897338867187500e-02
231	9.675558673408591e-01	2.985839843750000e-02
232	9.674783013516350e-01	2.868041992187500e-02
233	9.679711884480505e-01	2.909545898437500e-02
234	9.676836171140976e-01	2.860107421875000e-02
235	9.682360021935218e-01	2.929077148437500e-02
236	9.669938825315660e-01	2.887573242187500e-02
237	9.677273384816846e-01	2.883911132812500e-02
238	9.675156302144688e-01	2.951049804687500e-02
239	9.676867952857012e-01	2.841186523437500e-02
240	9.671994270729303e-01	2.835693359375000e-02
241	9.669353353539479e-01	2.932739257812500e-02
242	9.675509278051676e-01	2.894897460937500e-02
243	9.669648600414535e-01	2.911376953125000e-02
244	9.674610677773142e-01	2.935791015625000e-02
245	9.676851438626718e-01	2.871704101562500e-02
246	9.675902858561259e-01	2.941894531250000e-02
247	9.672951329462672e-01	2.896118164062500e-02
248	9.680058591436613e-01	2.881469726562500e-02
249	9.678380004690225e-01	2.926025390625000e-02
250	9.680349389775250e-01	2.915039062500000e-02
251	9.676740943666896e-01	2.897949218750000e-02
252	9.671724404663352e-01	2.922363281250000e-02
253	9.675380715915866e-01	2.895507812500000e-02
254	9.668964977096121e-01	3.001708984375000e-02
255	9.665336434950298e-01	2.890625000000000e-02
256	9.668828674141871e-01	2.890014648437500e-02
257	9.674038051268682e-01	2.927246093750000e-02
258	9.678620790433604e-01	2.838134765625000e-02
259	9.684067947082201e-01	2.827758789062500e-02
260	9.683439989364985e-01	2.871093750000000e-02
261	9.685853808927697e-01	2.806396484375000e-02
262	9.680674088404767e-01	2.853393554687500e-02
263	9.677862991205174e-01	2.780761718750000e-02
264	9.683422794549279e-01	2.845458984375000e-02
265	9.680671844152182e-01	2.845458984375000e-02
266	9.678294854706470e-01	2.802124023437500e-02
267	9.675918126681177e-01	2.813720703125000e-02
268	9.671657723438652e-01	2.943725585937500e-02
269	9.676713047221596e-01	2.916259765625000e-02
270	9.680757923418660e-01	2.868041992187500e-02
271	9.678252753047557e-01	2.907104492187500e-02
272	9.674400860121674e-01	2.911987304687500e-02
273	9.673315604381671e-01	2.908935546875000e-02
274	9.670284189026944e-01	2.929077148437500e-02
275	9.675289468007823e-01	2.935791015625000e-02
276	9.674118793398826e-01	2.870483398437500e-02
277	9.681733840248584e-01	2.906494140625000e-02
278	9.679614773297066e-01	2.828979492187500e-02
279	9.677693181427197e-01	2.823486328125000e-02
280	9.681183878708443e-01	2.780151367187500e-02
281	9.673290020926072e-01	2.868652343750000e-02
282	9.671895879985671e-01	2.873535156250000e-02
283	9.678054276565956e-01	2.865600585937500e-02
284	9.677262746917431e-01	2.835083007812500e-02
285	9.682148150536060e-01	2.883911132812500e-02
286	9.679263333544981e-01	2.791748046875000e-02
287	9.680050232849925e-01	2.811279296875000e-02
288	9.687753793261987e-01	2.720336914062500e-02
289	9.691480031856575e-01	2.714233398437500e-02
290	9.684444385490426e-01	2.753906250000000e-02
291	9.682140633366654e-01	2.869873046875000e-02
292	9.682174780036720e-01	2.853393554687500e-02
293	9.667155591703919e-01	2.816162109375000e-02
294	9.672089865897756e-01	2.822265625000000e-02
295	9.674783788661391e-01	2.767944335937500e-02
296	9.673957338832611e-01	2.857055664062500e-02
297	9.674200252724868e-01	2.893676757812500e-02
298	9.678966250450279e-01	2.829589843750000e-02
299	9.677986398476334e-01	2.901000976562500e-02
300	9.676565474865968e-01	2.911376953125000e-02
301	9.666309747838345e-01	2.915649414062500e-02
302	9.667515558170646e-01	2.849731445312500e-02
303	9.681861719217261e-01	2.849731445312500e-02
304	9.681091290578306e-01	2.752685546875000e-02
305	9.677446993118890e-01	2.838134765625000e-02
306	9.673718691687587e-01	2.828369140625000e-02
307	9.676114352598725e-01	2.865600585937500e-02
308	9.672210100947639e-01	2.810058593750000e-02
309	9.671873174764620e-01	2.893066406250000e-02
310	9.670064272308275e-01	2.878417968750000e-02
311	9.665599821702463e-01	2.984619140625000e-02
312	9.673775265875472e-01	2.915039062500000e-02
313	9.680400834978937e-01	2.828979492187500e-02
314	9.683847357549439e-01	2.843017578125000e-02
315	9.680612228865515e-01	2.832641601562500e-02
316	9.670632213404898e-01	2.849121093750000e-02
317	9.668098463319840e-01	2.857055664062500e-02
318	9.661347286317744e-01	2.929687500000000e-02
319	9.662975157350475e-01	3.034667968750000e-02
320	9.660605933447242e-01	2.897949218750000e-02
321	9.660200961422803e-01	3.010253906250000e-02
322	9.669957548204150e-01	2.894287109375000e-02
323	9.669485183892846e-01	2.858276367187500e-02
324	9.673515110076175e-01	2.810668945312500e-02
325	9.673895866787858e-01	2.839965820312500e-02
326	9.677190887622045e-01	2.770996093750000e-02
327	9.675865648793086e-01	2.730102539062500e-02
328	9.675585522247353e-01	2.767944335937500e-02
329	9.672737858519693e-01	2.845458984375000e-02
330	9.674276144784684e-01	2.857055664062500e-02
331	9.687098431645552e-01	2.805175781250000e-02
332	9.679932100927284e-01	2.728881835937500e-02
333	9.670962626122996e-01	2.940673828125000e-02
334	9.668464779993301e-01	2.938232421875000e-02
335	9.676404430931781e-01	2.863769531250000e-02
336	9.672441786548940e-01	2.854003906250000e-02
337	9.671795832938731e-01	2.902221679687500e-02
338	9.672040943030576e-01	2.803955078125000e-02
339	9.673671363238415e-01	2.830810546875000e-02
340	9.667409549317346e-01	2.858276367187500e-02
341	9.670918805765391e-01	2.799072265625000e-02
342	9.670517869909340e-01	2.873535156250000e-02
343	9.666905560303530e-01	2.848510742187500e-02
344	9.666633462132898e-01	2.872314453125000e-02
345	9.664366421037546e-01	2.807006835937500e-02
346	9.662640455230583e-01	2.807006835937500e-02
347	9.664188894386022e-01	2.821655273437500e-02
348	9.667656505023717e-01	2.778320312500000e-02
349	9.669562389012004e-01	2.830810546875000e-02
350	9.673294083675318e-01	2.807006835937500e-02
351	9.670712001730409e-01	2.817382812500000e-02
352	9.672109403545698e-01	2.791137695312500e-02
353	9.663368040467778e-01	2.818603515625000e-02
354	9.674861211019244e-01	2.874145507812500e-02
355	9.672850659480905e-01	2.791137695312500e-02
356	9.667267941512309e-01	2.831420898437500e-02
357	9.668752404728201e-01	2.843627929687500e-02
358	9.661952722507596e-01	2.847290039062500e-02
359	9.668084471190131e-01	2.860107421875000e-02
360	9.670973493958042e-01	2.814331054687500e-02
361	9.671059835074237e-01	2.885742187500000e-02
362	9.669132893944470e-01	2.811279296875000e-02
363	9.668718554710573e-01	2.776489257812500e-02
364	9.668955371366112e-01	2.781372070312500e-02
365	9.663600665377575e-01	2.832641601562500e-02
366	9.654967409028027e-01	2.874145507812500e-02
367	9.662682950768843e-01	2.871093750000000e-02
368	9.667956348326551e-01	2.953491210937500e-02
369	9.662997249139632e-01	2.821655273437500e-02
370	9.671276898438297e-01	2.835693359375000e-02
371	9.669717087338455e-01	2.819824218750000e-02
372	9.668313713476144e-01	2.788696289062500e-02
373	9.670402121555801e-01	2.780761718750000e-02
374	9.664868657156402e-01	2.857055664062500e-02
375	9.666173179119633e-01	2.864990234375000e-02
376	9.665145344859806e-01	2.890625000000000e-02
377	9.669599464498951e-01	2.821044921875000e-02
378	9.667884710626398e-01	2.899780273437500e-02
379	9.661385330090911e-01	2.866210937500000e-02
380	9.666858295121178e-01	2.891845703125000e-02
381	9.672403435008280e-01	2.819824218750000e-02
382	9.670685802235925e-01	2.884521484375000e-02
383	9.662445838398761e-01	2.847290039062500e-02
384	9.660824870894028e-01	2.816162109375000e-02
385	9.659840928244093e-01	2.871093750000000e-02
386	9.659270918831698e-01	2.823486328125000e-02
387	9.666380670119515e-01	2.884521484375000e-02
388	9.669608362882309e-01	2.775268554687500e-02
389	9.659978253384013e-01	2.858886718750000e-02
390	9.660197114596635e-01	2.807006835937500e-02
391	9.665092776264075e-01	2.812500000000000e-02
392	9.658626964112157e-01	2.864990234375000e-02
393	9.667102526670962e-01	2.836914062500000e-02
394	9.673454016645092e-01	2.716064453125000e-02
395	9.665294162913884e-01	2.704467773437500e-02
396	9.666177965955889e-01	2.788085937500000e-02
397	9.663111785914217e-01	2.864379882812500e-02
398	9.661596181071482e-01	2.827148437500000e-02
399	9.665005023323556e-01	2.757568359375000e-02
400	9.669844619931810e-01	2.788696289062500e-02
401	9.665121324926118e-01	2.785034179687500e-02
402	9.656567197738976e-01	2.849731445312500e-02
403	9.656836027821371e-01	2.891235351562500e-02
404	9.658207158256945e-01	2.866821289062500e-02
405	9.662796317440351e-01	2.862548828125000e-02
406	9.662996936460323e-01	2.827148437500000e-02
407	9.670189144181687e-01	2.766113281250000e-02
408	9.666077874682300e-01	2.785034179687500e-02
409	9.666994272159491e-01	2.825927734375000e-02
410	9.668825676630183e-01	2.873535156250000e-02
411	9.654730907975976e-01	2.786865234375000e-02
412	9.657596594300571e-01	2.863769531250000e-02
413	9.666353318598477e-01	2.831420898437500e-02
414	9.671043913696091e-01	2.794799804687500e-02
415	9.664612559443732e-01	2.744750976562500e-02
416	9.662141794929203e-01	2.778320312500000e-02
417	9.661159160079374e-01	2.830810546875000e-02
418	9.662383645610148e-01	2.789306640625000e-02
419	9.669943357780809e-01	2.838745117187500e-02
420	9.670293858250920e-01	2.816772460937500e-02
421	9.673958239188859e-01	2.785644531250000e-02
422	9.661162896157888e-01	2.849121093750000e-02
423	9.664320189773598e-01	2.869873046875000e-02
424	9.656547839188302e-01	2.805175781250000e-02
425	9.661579358182855e-01	2.857666015625000e-02
426	9.655078634428834e-01	2.816772460937500e-02
427	9.660665501840083e-01	2.761840820312500e-02
428	9.663788530972685e-01	2.850952148437500e-02
429	9.664787314163298e-01	2.823486328125000e-02
430	9.665007697121261e-01	2.777709960937500e-02
431	9.660253994254323e-01	2.855224609375000e-02
432	9.666659254942770e-01	2.876586914062500e-02
433	9.663410248480235e-01	2.906494140625000e-02
434	9.659048430131123e-01	2.866210937500000e-02
435	9.655604006817519e-01	2.799682617187500e-02
436	9.661749167521297e-01	2.845458984375000e-02
437	9.661919458005498e-01	2.797851562500000e-02
438	9.668255361097194e-01	2.811889648437500e-02
439	9.665037617031964e-01	2.802734375000000e-02
440	9.666201000357896e-01	2.794189453125000e-02
441	9.667871431853979e-01	2.816772460937500e-02
442	9.669032537473590e-01	2.767333984375000e-02
443	9.668579015607531e-01	2.797241210937500e-02
444	9.664062412419536e-01	2.786865234375000e-02
445	9.665320244370285e-01	2.738037109375000e-02
446	9.665791372642798e-01	2.733154296875000e-02
447	9.667144924104630e-01	2.798461914062500e-02
448	9.666348589506386e-01	2.799682617187500e-02
449	9.659571488953160e-01	2.770996093750000e-02
450	9.661868915090542e-01	2.763061523437500e-02
451	9.662728925345294e-01	2.801513671875000e-02
452	9.671908891965059e-01	2.788085937500000e-02
453	9.665702524833590e-01	2.780151367187500e-02
454	9.663000884696965e-01	2.777709960937500e-02
455	9.667530810239557e-01	2.821044921875000e-02
456	9.676052920226503e-01	2.718505859375000e-02
457	9.671203402609804e-01	2.802734375000000e-02
458	9.662123079874063e-01	2.753295898437500e-02
459	9.657226164705071e-01	2.822875976562500e-02
460	9.661282075124982e-01	2.872314453125000e-02
461	9.657032169434204e-01	2.816162109375000e-02
462	9.664405597342999e-01	2.782592773437500e-02
463	9.668045432824514e-01	2.719116210937500e-02
464	9.665882565653336e-01	2.714843750000000e-02
465	9.669306289247137e-01	2.776489257812500e-02
466	9.663534419040464e-01	2.848510742187500e-02
467	9.661222909805846e-01	2.760009765625000e-02
468	9.658591810876143e-01	2.793579101562500e-02
469	9.667970257209153e-01	2.738037109375000e-02
470	9.669886166637333e-01	2.733764648437500e-02
471	9.665128500626055e-01	2.777099609375000e-02
472	9.660931133095568e-01	2.758789062500000e-02
473	9.661114862005071e-01	2.770996093750000e-02
474	9.667585918683940e-01	2.803344726562500e-02
475	9.670650102818877e-01	2.789306640625000e-02
476	9.665113644087556e-01	2.785034179687500e-02
477	9.664784231128221e-01	2.749023437500000e-02
478	9.669030977444458e-01	2.797241210937500e-02
479	9.651857648079779e-01	2.755126953125000e-02
480	9.647094275474246e-01	2.859497070312500e-02
481	9.656723068730590e-01	2.851562500000000e-02
482	9.664271304798208e-01	2.752685546875000e-02
483	9.659689317429457e-01	2.849731445312500e-02
484	9.652596187624426e-01	2.821655273437500e-02
485	9.662150567118416e-01	2.783203125000000e-02
486	9.658353518618052e-01	2.818603515625000e-02
487	9.658804227607248e-01	2.805786132812500e-02
488	9.666521382282304e-01	2.817382812500000e-02
489	9.666125699575595e-01	2.786254882812500e-02
490	9.663827597143789e-01	2.758789062500000e-02
491	9.656672212951999e-01	2.772216796875000e-02
492	9.653611585953877e-01	2.817382812500000e-02
493	9.655975504882353e-01	2.756347656250000e-02
494	9.659047891947958e-01	2.774658203125000e-02
495	9.663725320142498e-01	2.719116210937500e-02
496	9.669174983549008e-01	2.707519531250000e-02
497	9.665837085323160e-01	2.798461914062500e-02
498	9.661992176620368e-01	2.725219726562500e-02
499	9.657095346139187e-01	2.775878906250000e-02
500	9.660603345642560e-01	2.778320312500000e-02
501	9.660122070647518e-01	2.732543945312500e-02
502	9.652848192694395e-01	2.838745117187500e-02
503	9.651240009701456e-01	2.855224609375000e-02
504	9.650667239309584e-01	2.797241210937500e-02
505	9.657087322268004e-01	2.758178710937500e-02
506	9.655423696950413e-01	2.752685546875000e-02
507	9.654828609148906e-01	2.778320312500000e-02
508	9.658908040312529e-01	2.759399414062500e-02
509	9.655342807645780e-01	2.783203125000000e-02
510	9.653258368756118e-01	2.798461914062500e-02
511	9.661747057569220e-01	2.836303710937500e-02
512	9.660039122874203e-01	2.747192382812500e-02
513	9.652685421927715e-01	2.639160156250000e-02
514	9.659345093750105e-01	2.725219726562500e-02
515	9.658486690534916e-01	2.789306640625000e-02
516	9.655610138685055e-01	2.596435546875000e-02
517	9.654117621777502e-01	2.661132812500000e-02
518	9.656944902114911e-01	2.852783203125000e-02
519	9.653048817617695e-01	2.790527343750000e-02
520	9.650995322046593e-01	2.818603515625000e-02
521	9.651769486271214e-01	2.742309570312500e-02
522	9.653739968862923e-01	2.728271484375000e-02
523	9.658213431814032e-01	2.692260742187500e-02
524	9.656640693825417e-01	2.750854492187500e-02
525	9.655716118142217e-01	2.772827148437500e-02
526	9.656668761334418e-01	2.789916992187500e-02
527	9.659097674632355e-01	2.750854492187500e-02
528	9.659862542844433e-01	2.789916992187500e-02
529	9.666215901220373e-01	2.745971679687500e-02
530	9.657144979643411e-01	2.727661132812500e-02
531	9.661216602999153e-01	2.778320312500000e-02
532	9.658953813617233e-01	2.719116210937500e-02
533	9.658124178809225e-01	2.686767578125000e-02
534	9.646152465761119e-01	2.883300781250000e-02
535	9.644030783694270e-01	2.772216796875000e-02
536	9.652480262581450e-01	2.830200195312500e-02
537	9.649378347884249e-01	2.830810546875000e-02
538	9.658755362958727e-01	2.780151367187500e-02
539	9.652340435893629e-01	2.849121093750000e-02
540	9.643679964932202e-01	2.803955078125000e-02
541	9.650512285991727e-01	2.763671875000000e-02
542	9.652443912171517e-01	2.788085937500000e-02
543	9.652241383238548e-01	2.722778320312500e-02
544	9.648268999860098e-01	2.840576171875000e-02
545	9.646589276786729e-01	2.789306640625000e-02
546	9.652669306912739e-01	2.722778320312500e-02
547	9.651700267656139e-01	2.712402343750000e-02
548	9.653949127617006e-01	2.767333984375000e-02
549	9.654952973456202e-01	2.807617187500000e-02
550	9.648439284121765e-01	2.719116210937500e-02
551	9.652578111155167e-01	2.821655273437500e-02
552	9.651611131638017e-01	2.793579101562500e-02
553	9.651518662565916e-01	2.756958007812500e-02
554	9.658007852853053e-01	2.848510742187500e-02
555	9.660379468509159e-01	2.758178710937500e-02
556	9.663190056135059e-01	2.762451171875000e-02
557	9.669572916892606e-01	2.727661132812500e-02
558	9.666926331906387e-01	2.604370117187500e-02
559	9.669612153354915e-01	2.668457031250000e-02
560	9.659070252602903e-01	2.733764648437500e-02
561	9.655712807714810e-01	2.766113281250000e-02
562	9.659095618597612e-01	2.815551757812500e-02
563	9.653389684205963e-01	2.797241210937500e-02
564	9.660925009745173e-01	2.699584960937500e-02
565	9.654841196757450e-01	2.743530273437500e-02
566	9.659225117058085e-01	2.741699218750000e-02
567	9.660161403169319e-01	2.764892578125000e-02
568	9.654583834781910e-01	2.703857421875000e-02
569	9.653472939392165e-01	2.709960937500000e-02
570	9.646540694726471e-01	2.844848632812500e-02
571	9.647859416998134e-01	2.863769531250000e-02
572	9.650295411965041e-01	2.871093750000000e-02
573	9.648172484310592e-01	2.735595703125000e-02
574	9.649071271672681e-01	2.786865234375000e-02
575	9.648939102876541e-01	2.856445312500000e-02
576	9.644861509813368e-01	2.796630859375000e-02
577	9.643459426816086e-01	2.805175781250000e-02
578	9.653903621327767e-01	2.783813476562500e-02
579	9.644676531144546e-01	2.683105468750000e-02
580	9.653122152433342e-01	2.802124023437500e-02
581	9.655645046792034e-01	2.712402343750000e-02
582	9.661235812201953e-01	2.759399414062500e-02
583	9.652972814730055e-01	2.706298828125000e-02
584	9.650065144576008e-01	2.766113281250000e-02
585	9.650856323884357e-01	2.732543945312500e-02
586	9.651389449182503e-01	2.752685546875000e-02
587	9.655560282586731e-01	2.823486328125000e-02
588	9.647716855210420e-01	2.750854492187500e-02
589	9.650871745604128e-01	2.811279296875000e-02
590	9.653798286560732e-01	2.650146484375000e-02
591	9.656069717334366e-01	2.714233398437500e-02
592	9.658455665144938e-01	2.739257812500000e-02
593	9.660845364535878e-01	2.685546875000000e-02
594	9.663128024950520e-01	2.727661132812500e-02
595	9.663450798522325e-01	2.654418945312500e-02
596	9.656242483417218e-01	2.721557617187500e-02
597	9.647276419478713e-01	2.764282226562500e-02
598	9.653820729902093e-01	2.742919921875000e-02
599	9.654160586665883e-01	2.709960937500000e-02
600	9.655728000400620e-01	2.678222656250000e-02
601	9.646105790765046e-01	2.797851562500000e-02
602	9.659433344381941e-01	2.776489257812500e-02
603	9.658575790643535e-01	2.745971679687500e-02
604	9.650252899519853e-01	2.827758789062500e-02
605	9.654966953769745e-01	2.778930664062500e-02
606	9.657613617067335e-01	2.750854492187500e-02
607	9.657292543183061e-01	2.698974609375000e-02
608	9.660939079472722e-01	2.718505859375000e-02
609	9.661752889761437e-01	2.666625976562500e-02
610	9.663833880564567e-01	2.688598632812500e-02
611	9.664657558957060e-01	2.659301757812500e-02
612	9.646667963977124e-01	2.776489257812500e-02
613	9.652002850410871e-01	2.813720703125000e-02
614	9.652575560918891e-01	2.736206054687500e-02
615	9.647392990122855e-01	2.742919921875000e-02
616	9.650361158420203e-01	2.772216796875000e-02
617	9.646443559406706e-01	2.713012695312500e-02
618	9.645151210248271e-01	2.821655273437500e-02
619	9.643123905470481e-01	2.744140625000000e-02
620	9.648566249076470e-01	2.797241210937500e-02
621	9.650296183182933e-01	2.672729492187500e-02
622	9.647221767904358e-01	2.725830078125000e-02
623	9.650267676857035e-01	2.715454101562500e-02
624	9.650689756193070e-01	2.738037109375000e-02
625	9.656790871925488e-01	2.722778320312500e-02
626	9.655851901867916e-01	2.664184570312500e-02
627	9.644920445763234e-01	2.775878906250000e-02
628	9.644222221846128e-01	2.746582031250000e-02
629	9.638425521981052e-01	2.753906250000000e-02
630	9.638534744820572e-01	2.758789062500000e-02
631	9.648551631873602e-01	2.766723632812500e-02
632	9.651531751673573e-01	2.753295898437500e-02
633	9.648714414037570e-01	2.723999023437500e-02
634	9.647784773422634e-01	2.739868164062500e-02
635	9.641153640206009e-01	2.727050781250000e-02
636	9.645216709889620e-01	2.789916992187500e-02
637	9.644350714678143e-01	2.799682617187500e-02
638	9.643983917798291e-01	2.707519531250000e-02
639	9.643727892126273e-01	2.764892578125000e-02
640	9.641100278240492e-01	2.785034179687500e-02
641	9.638785271235543e-01	2.843627929687500e-02
642	9.643300772357905e-01	2.763671875000000e-02
643	9.650313531782501e-01	2.736816406250000e-02
644	9.653360629177822e-01	2.680664062500000e-02
645	9.650652057395709e-01	2.689819335937500e-02
646	9.651266711482748e-01	2.738647460937500e-02
647	9.646626016032788e-01	2.831420898437500e-02
648	9.642851027639526e-01	2.773437500000000e-02
649	9.647713643483118e-01	2.778320312500000e-02
650	9.650871206568835e-01	2.670288085937500e-02
651	9.657770485315910e-01	2.621459960937500e-02
652	9.649140131579340e-01	2.606811523437500e-02
653	9.645476594938779e-01	2.747192382812500e-02
654	9.647250077825852e-01	2.745971679687500e-02
655	9.657957890629983e-01	2.710571289062500e-02
656	9.663338958518738e-01	2.675781250000000e-02
657	9.652525567386984e-01	2.591552734375000e-02
658	9.649336265167640e-01	2.680053710937500e-02
659	9.646043962997876e-01	2.576904296875000e-02
660	9.641708585347825e-01	2.683105468750000e-02
661	9.642552020408854e-01	2.739868164062500e-02
662	9.633244797225431e-01	2.858886718750000e-02
663	9.643502478684337e-01	2.666625976562500e-02
664	9.635100047843438e-01	2.801513671875000e-02
665	9.634093322414395e-01	2.771606445312500e-02
666	9.644520352782364e-01	2.722778320312500e-02
667	9.643621534931639e-01	2.788696289062500e-02
668	9.644521752347474e-01	2.716674804687500e-02
669	9.645878129619203e-01	2.692260742187500e-02
670	9.642253145202200e-01	2.752685546875000e-02
671	9.637028785139363e-01	2.700195312500000e-02
672	9.634692494662870e-01	2.806396484375000e-02
673	9.642096398228183e-01	2.756958007812500e-02
674	9.639708718365122e-01	2.781372070312500e-02
675	9.639690259905174e-01	2.705078125000000e-02
676	9.643490409110873e-01	2.762451171875000e-02
677	9.648013676704127e-01	2.781982421875000e-02
678	9.643188796830501e-01	2.656860351562500e-02
679	9.641661154074989e-01	2.662353515625000e-02
680	9.645136057621205e-01	2.677001953125000e-02
681	9.653072351135785e-01	2.643432617187500e-02
682	9.645212375458957e-01	2.690429687500000e-02
683	9.639339229109627e-01	2.695312500000000e-02
684	9.642429430270623e-01	2.674560546875000e-02
685	9.647455414942280e-01	2.743530273437500e-02
686	9.643303739543687e-01	2.742309570312500e-02
687	9.647733917966593e-01	2.695922851562500e-02
688	9.638878319668551e-01	2.727050781250000e-02
689	9.642164129703948e-01	2.687988281250000e-02
690	9.637360909018073e-01	2.762451171875000e-02
691	9.637488055613804e-01	2.825317382812500e-02
692	9.643324996357251e-01	2.766113281250000e-02
693	9.634013807549002e-01	2.730712890625000e-02
694	9.635461057045515e-01	2.838134765625000e-02
695	9.639176675541528e-01	2.746582031250000e-02
696	9.637797322865732e-01	2.710571289062500e-02
697	9.640583320589980e-01	2.714233398437500e-02
698	9.649855547836222e-01	2.621459960937500e-02
699	9.648668178510262e-01	2.639160156250000e-02
700	9.648645208210679e-01	2.683105468750000e-02
701	9.645676808492123e-01	2.678222656250000e-02
702	9.647801383812104e-01	2.646484375000000e-02
703	9.655236283438157e-01	2.613525390625000e-02
704	9.650380522513206e-01	2.651367187500000e-02
705	9.654894076403319e-01	2.691040039062500e-02
706	9.649541624142303e-01	2.637329101562500e-02
707	9.643173378720710e-01	2.686157226562500e-02
708	9.650843888665572e-01	2.707519531250000e-02
709	9.652752885486562e-01	2.681274414062500e-02
710	9.649630458304470e-01	2.731933593750000e-02
711	9.648294562964058e-01	2.626342773437500e-02
712	9.647489574421106e-01	2.640380859375000e-02
713	9.648864164201371e-01	2.705688476562500e-02
714	9.646715533453331e-01	2.702026367187500e-02
715	9.649657110979306e-01	2.703247070312500e-02
716	9.646899950635558e-01	2.631835937500000e-02
717	9.645357898965519e-01	2.692260742187500e-02
718	9.647032851104517e-01	2.686157226562500e-02
719	9.643629129355555e-01	2.789916992187500e-02
720	9.647478964461423e-01	2.770385742187500e-02
721	9.648923115739504e-01	2.708740234375000e-02
722	9.643324717508985e-01	2.645263671875000e-02
723	9.649475932155256e-01	2.667236328125000e-02
724	9.652455491768955e-01	2.648315429687500e-02
725	9.653147053585838e-01	2.677001953125000e-02
726	9.648198901508790e-01	2.598266601562500e-02
727	9.644638351912241e-01	2.637329101562500e-02
728	9.650703904920871e-01	2.642211914062500e-02
729	9.646985118222132e-01	2.687988281250000e-02
730	9.641351403739584e-01	2.662963867187500e-02
731	9.640341002476239e-01	2.725219726562500e-02
732	9.647656554350749e-01	2.660522460937500e-02
733	9.645137272067125e-01	2.614746093750000e-02
734	9.648467731998530e-01	2.726440429687500e-02
735	9.641100256358928e-01	2.650756835937500e-02
736	9.642661215468137e-01	2.722778320312500e-02
737	9.646579157915349e-01	2.619018554687500e-02
738	9.647512314701494e-01	2.711791992187500e-02
739	9.636944290753573e-01	2.685546875000000e-02
740	9.636384687076078e-01	2.782592773437500e-02
741	9.627874125836310e-01	2.808227539062500e-02
742	9.629067448874186e-01	2.801513671875000e-02
743	9.634331084044035e-01	2.743530273437500e-02
744	9.638221919589863e-01	2.699584960937500e-02
745	9.643556264279748e-01	2.753295898437500e-02
746	9.646902221626507e-01	2.655639648437500e-02
747	9.648016731360950e-01	2.697753906250000e-02
748	9.643133052382251e-01	2.617187500000000e-02
749	9.640461262003956e-01	2.688598632812500e-02
750	9.645723891807360e-01	2.687377929687500e-02
751	9.647789905137386e-01	2.705688476562500e-02
752	9.642509640128433e-01	2.617187500000000e-02
753	9.639829321688563e-01	2.679443359375000e-02
754	9.649212009668885e-01	2.631835937500000e-02
755	9.637661473984099e-01	2.613525390625000e-02
756	9.631932145969472e-01	2.751464843750000e-02
757	9.634640820954656e-01	2.686157226562500e-02
758	9.635981002785540e-01	2.753295898437500e-02
759	9.627771349835555e-01	2.646484375000000e-02
760	9.634541426844637e-01	2.774658203125000e-02
761	9.633589514120199e-01	2.717895507812500e-02
762	9.641157715496947e-01	2.733764648437500e-02
763	9.647342821335113e-01	2.720947265625000e-02
764	9.640227401388647e-01	2.714843750000000e-02
765	9.636499976754975e-01	2.622070312500000e-02
766	9.637700591259278e-01	2.691650390625000e-02
767	9.646689993507769e-01	2.735595703125000e-02
768	9.641703762454684e-01	2.594604492187500e-02
769	9.645186356225467e-01	2.651977539062500e-02
770	9.645133731871439e-01	2.714233398437500e-02
771	9.640271947269331e-01	2.617187500000000e-02
772	9.637613151498631e-01	2.691040039062500e-02
773	9.648421954438101e-01	2.752075195312500e-02
774	9.649652558510796e-01	2.581787109375000e-02
775	9.644662616790756e-01	2.713623046875000e-02
776	9.646116489138207e-01	2.694702148437500e-02
777	9.647918095902667e-01	2.626342773437500e-02
778	9.636360738741164e-01	2.738037109375000e-02
779	9.640961135912826e-01	2.582397460937500e-02
780	9.639147801909327e-01	2.739868164062500e-02
781	9.636771662833691e-01	2.709350585937500e-02
782	9.636923494534825e-01	2.730102539062500e-02
783	9.645006542914957e-01	2.655029296875000e-02
784	9.643015622773005e-01	2.665405273437500e-02
785	9.639285048628037e-01	2.619018554687500e-02
786	9.633631384272000e-01	2.663574218750000e-02
787	9.628605615572344e-01	2.695312500000000e-02
788	9.631081876147838e-01	2.668457031250000e-02
789	9.628044983719422e-01	2.642822265625000e-02
790	9.642121514577887e-01	2.727050781250000e-02
791	9.641534162914388e-01	2.620239257812500e-02
792	9.637617781945437e-01	2.672729492187500e-02
793	9.642776838807823e-01	2.608642578125000e-02
794	9.649953676640978e-01	2.622680664062500e-02
795	9.637604682897445e-01	2.682495117187500e-02
796	9.642923454937929e-01	2.738647460937500e-02
797	9.645314744613868e-01	2.553100585937500e-02
798	9.642043304557174e-01	2.628784179687500e-02
799	9.643841542997081e-01	2.628784179687500e-02
800	9.637146856404865e-01	2.608642578125000e-02
801	9.630197613108681e-01	2.743530273437500e-02
802	9.635771013302280e-01	2.689208984375000e-02
803	9.630252961456488e-01	2.734375000000000e-02
804	9.634664794588602e-01	2.720947265625000e-02
805	9.642538573859030e-01	2.625732421875000e-02
806	9.641951642590043e-01	2.708740234375000e-02
807	9.641406854581445e-01	2.631835937500000e-02
808	9.640400258362741e-01	2.623901367187500e-02
809	9.641024890916366e-01	2.694091796875000e-02
810	9.638761255346644e-01	2.612915039062500e-02
811	9.627039973043473e-01	2.702026367187500e-02
812	9.629488475572535e-01	2.717895507812500e-02
813	9.633358583836943e-01	2.772827148437500e-02
814	9.634279263049597e-01	2.698364257812500e-02
815	9.637100902337065e-01	2.702026367187500e-02
816	9.638274186609893e-01	2.636108398437500e-02
817	9.646185173761891e-01	2.621459960937500e-02
818	9.640798470577444e-01	2.615356445312500e-02
819	9.628668077569059e-01	2.651367187500000e-02
820	9.637417916179967e-01	2.698364257812500e-02
821	9.631778167999806e-01	2.725830078125000e-02
822	9.631588291567158e-01	2.667236328125000e-02
823	9.626866307443526e-01	2.683105468750000e-02
824	9.634552195130924e-01	2.733154296875000e-02
825	9.631453900554564e-01	2.747802734375000e-02
826	9.631785066394963e-01	2.697753906250000e-02
827	9.631002910931646e-01	2.733764648437500e-02
828	9.625356638605799e-01	2.742309570312500e-02
829	9.628377496627473e-01	2.716674804687500e-02
830	9.629033203037229e-01	2.632446289062500e-02
831	9.633614365382832e-01	2.733154296875000e-02
832	9.635961023070531e-01	2.608032226562500e-02
833	9.625403542349730e-01	2.681274414062500e-02
834	9.628877229110132e-01	2.707519531250000e-02
835	9.631952148400572e-01	2.658081054687500e-02
836	9.623705158033430e-01	2.741699218750000e-02
837	9.635308525458927e-01	2.746582031250000e-02
838	9.642841531166365e-01	2.717895507812500e-02
839	9.640816720190201e-01	2.597656250000000e-02
840	9.635604124639737e-01	2.680664062500000e-02
841	9.636446109495257e-01	2.667846679687500e-02
842	9.630888267799826e-01	2.694702148437500e-02
843	9.635863274300599e-01	2.684936523437500e-02
844	9.640528449908706e-01	2.736206054687500e-02
845	9.645738902830883e-01	2.741088867187500e-02
846	9.645759476375247e-01	2.590332031250000e-02
847	9.646961078608386e-01	2.628173828125000e-02
848	9.649071446627128e-01	2.613525390625000e-02
849	9.640852327344299e-01	2.615966796875000e-02
850	9.642057913820042e-01	2.659301757812500e-02
851	9.631965240641448e-01	2.633666992187500e-02
852	9.636104811174745e-01	2.622680664062500e-02
853	9.624680728426515e-01	2.800292968750000e-02
854	9.635409718273956e-01	2.750244140625000e-02
855	9.640221553331439e-01	2.683715820312500e-02
856	9.634570099747363e-01	2.598266601562500e-02
857	9.624388150842980e-01	2.679443359375000e-02
858	9.623101276430458e-01	2.732543945312500e-02
859	9.626505518348664e-01	2.702636718750000e-02
860	9.625131799895104e-01	2.675781250000000e-02
861	9.630215219671124e-01	2.697143554687500e-02
862	9.627895951280614e-01	2.741088867187500e-02
863	9.634913262963097e-01	2.651977539062500e-02
864	9.642383495151093e-01	2.545776367187500e-02
865	9.633926166597330e-01	2.705078125000000e-02
866	9.632917739548458e-01	2.701416015625000e-02
867	9.639334848826642e-01	2.625732421875000e-02
868	9.638341579710894e-01	2.700195312500000e-02
869	9.637924516654964e-01	2.637329101562500e-02
870	9.632764539747541e-01	2.641601562500000e-02
871	9.630008867486431e-01	2.755737304687500e-02
872	9.637764151218051e-01	2.712402343750000e-02
873	9.636625297444460e-01	2.645263671875000e-02
874	9.635488536180227e-01	2.760620117187500e-02
875	9.630047342144411e-01	2.615356445312500e-02
876	9.625523811035768e-01	2.658081054687500e-02
877	9.616633331126966e-01	2.655639648437500e-02
878	9.636425159703332e-01	2.668457031250000e-02
879	9.630510418934022e-01	2.650146484375000e-02
880	9.628450165472379e-01	2.730712890625000e-02
881	9.617635189570155e-01	2.706909179687500e-02
882	9.620326189175201e-01	2.791748046875000e-02
883	9.620263957002240e-01	2.751464843750000e-02
884	9.616191257332357e-01	2.760009765625000e-02
885	9.626434144483063e-01	2.756958007812500e-02
886	9.620591101819008e-01	2.767944335937500e-02
887	9.621307074731753e-01	2.789306640625000e-02
888	9.620610637623330e-01	2.729492187500000e-02
889	9.627965984150592e-01	2.760620117187500e-02
890	9.628010749278467e-01	2.780761718750000e-02
891	9.628331882773217e-01	2.636108398437500e-02
892	9.629948295997558e-01	2.800292968750000e-02
893	9.628353586878066e-01	2.688598632812500e-02
894	9.634556910508438e-01	2.733154296875000e-02
895	9.627745863483345e-01	2.691040039062500e-02
896	9.626054709264263e-01	2.678222656250000e-02
897	9.631147082673466e-01	2.637939453125000e-02
898	9.627596331762861e-01	2.705078125000000e-02
899	9.627020719434566e-01	2.711181640625000e-02
900	9.634165199461201e-01	2.683105468750000e-02
901	9.634404189977728e-01	2.685546875000000e-02
902	9.624547345172020e-01	2.755737304687500e-02
903	9.623005339856311e-01	2.778930664062500e-02
904	9.623064655082523e-01	2.777709960937500e-02
905	9.619185293433885e-01	2.761840820312500e-02
906	9.622633081843439e-01	2.694702148437500e-02
907	9.616683135327823e-01	2.752075195312500e-02
908	9.629949047295879e-01	2.791137695312500e-02
909	9.627524569845912e-01	2.650146484375000e-02
910	9.624028970054194e-01	2.724609375000000e-02
911	9.614069289603940e-01	2.719116210937500e-02
912	9.628604641634957e-01	2.710571289062500e-02
913	9.634068798594427e-01	2.725219726562500e-02
914	9.628729570811748e-01	2.592163085937500e-02
915	9.628567725655466e-01	2.653808593750000e-02
916	9.625942989675270e-01	2.772216796875000e-02
917	9.627509546590184e-01	2.717285156250000e-02
918	9.623743817781327e-01	2.674560546875000e-02
919	9.632234010977093e-01	2.689819335937500e-02
920	9.621377943075879e-01	2.749633789062500e-02
921	9.625486975311116e-01	2.692260742187500e-02
922	9.631886893531489e-01	2.658081054687500e-02
923	9.626718515659630e-01	2.661743164062500e-02
924	9.621951372181843e-01	2.674560546875000e-02
925	9.625934671542390e-01	2.725219726562500e-02
926	9.627886337197555e-01	2.714843750000000e-02
927	9.623200548577951e-01	2.693481445312500e-02
928	9.630247820812334e-01	2.719116210937500e-02
929	9.625444892947712e-01	2.653808593750000e-02
930	9.617149509683497e-01	2.755126953125000e-02
931	9.621971092767628e-01	2.778320312500000e-02
932	9.619828053885890e-01	2.803955078125000e-02
933	9.632919036945694e-01	2.696533203125000e-02
934	9.631165086685777e-01	2.741699218750000e-02
935	9.632273284801522e-01	2.719116210937500e-02
936	9.630374274817403e-01	2.661132812500000e-02
937	9.638761658731784e-01	2.604980468750000e-02
938	9.624214045530529e-01	2.668457031250000e-02
939	9.624891623453252e-01	2.692260742187500e-02
940	9.631248224919698e-01	2.749023437500000e-02
941	9.621886505416694e-01	2.691650390625000e-02
942	9.626550370375363e-01	2.767333984375000e-02
943	9.628463720338009e-01	2.678833007812500e-02
944	9.620128960904867e-01	2.672119140625000e-02
945	9.623509333062676e-01	2.604370117187500e-02
946	9.625021335260017e-01	2.703857421875000e-02
947	9.624276353071011e-01	2.633056640625000e-02
948	9.622090816132931e-01	2.647094726562500e-02
949	9.623643592762940e-01	2.739868164062500e-02
950	9.624433267703004e-01	2.608642578125000e-02
951	9.626651764128434e-01	2.693481445312500e-02
952	9.630733454015799e-01	2.712402343750000e-02
953	9.631273513967730e-01	2.568969726562500e-02
954	9.625025119257929e-01	2.754516601562500e-02
955	9.628417360290734e-01	2.659301757812500e-02
956	9.627576103660350e-01	2.595825195312500e-02
957	9.628927935997657e-01	2.645263671875000e-02
958	9.622305074982770e-01	2.690429687500000e-02
959	9.622867840818490e-01	2.684326171875000e-02
960	9.622405405758907e-01	2.671508789062500e-02
961	9.619533637892247e-01	2.709350585937500e-02
962	9.619067006016047e-01	2.702636718750000e-02
963	9.619568220623954e-01	2.703247070312500e-02
964	9.624275220542025e-01	2.727050781250000e-02
965	9.619771781085964e-01	2.664184570312500e-02
966	9.615287773464009e-01	2.737426757812500e-02
967	9.624289806606480e-01	2.772827148437500e-02
968	9.623187610275153e-01	2.685546875000000e-02
969	9.621390525396603e-01	2.734375000000000e-02
970	9.626887914078290e-01	2.634887695312500e-02
971	9.622956180488978e-01	2.693481445312500e-02
972	9.623631552278799e-01	2.691650390625000e-02
973	9.618709965849956e-01	2.716674804687500e-02
974	9.630404558420115e-01	2.648315429687500e-02
975	9.632157199321200e-01	2.565307617187500e-02
976	9.619359594383337e-01	2.598266601562500e-02
977	9.619094724615275e-01	2.667236328125000e-02
978	9.625453591326933e-01	2.659912109375000e-02
979	9.626899143647702e-01	2.700195312500000e-02
980	9.620006811812432e-01	2.684936523437500e-02
981	9.620826295493896e-01	2.733764648437500e-02
982	9.624910689401044e-01	2.659912109375000e-02
983	9.625661828642001e-01	2.644042968750000e-02
984	9.608872202546691e-01	2.651977539062500e-02
985	9.616929994411171e-01	2.790527343750000e-02
986	9.618229999649847e-01	2.702636718750000e-02
987	9.613761583244426e-01	2.573242187500000e-02
988	9.618601326593206e-01	2.600708007812500e-02
989	9.616510778999953e-01	2.633056640625000e-02
990	9.613874827303461e-01	2.674560546875000e-02
991	9.608108079588695e-01	2.710571289062500e-02
992	9.612050613234663e-01	2.717285156250000e-02
993	9.615875372554616e-01	2.739868164062500e-02
994	9.618638984791600e-01	2.662353515625000e-02
995	9.616864143571385e-01	2.587280273437500e-02
996	9.620802851730766e-01	2.651977539062500e-02
997	9.622539915323665e-01	2.617797851562500e-02
998	9.624509050110995e-01	2.620239257812500e-02
999	9.624861355689961e-01	2.712402343750000e-02
1000	9.624396260836782e-01	2.716674804687500e-02
1001	9.618789817572391e-01	2.725830078125000e-02
1002	9.618381409979103e-01	2.640380859375000e-02
1003	9.611840339476084e-01	2.610473632812500e-02
1004	9.613544693529931e-01	2.680664062500000e-02
1005	9.615309081446916e-01	2.703857421875000e-02
1006	9.619722686874707e-01	2.684936523437500e-02
1007	9.623273257153352e-01	2.646484375000000e-02
1008	9.621530212365640e-01	2.631225585937500e-02
1009	9.618984442880900e-01	2.658081054687500e-02
1010	9.621928081557960e-01	2.669677734375000e-02
1011	9.622179890570653e-01	2.645263671875000e-02
1012	9.627601062113134e-01	2.596435546875000e-02
1013	9.617578553402478e-01	2.662963867187500e-02
1014	9.608985858396130e-01	2.609252929687500e-02
1015	9.612547053602746e-01	2.792358398437500e-02
1016	9.610826643400546e-01	2.682495117187500e-02
1017	9.613479196972811e-01	2.731323242187500e-02
1018	9.612611348234822e-01	2.673339843750000e-02
1019	9.612868816284635e-01	2.668457031250000e-02
1020	9.616118856727459e-01	2.705688476562500e-02
1021	9.618419973869528e-01	2.775878906250000e-02
1022	9.619107267160585e-01	2.639770507812500e-02
1023	9.620849118619871e-01	2.675170898437500e-02
1024	9.623799959690960e-01	2.615356445312500e-02
1025	9.629947062786063e-01	2.617797851562500e-02
1026	9.620274369184542e-01	2.579345703125000e-02
1027	9.620336095513612e-01	2.697143554687500e-02
1028	9.622927138668945e-01	2.596435546875000e-02
1029	9.614823911104406e-01	2.672729492187500e-02
1030	9.618771549121067e-01	2.647705078125000e-02
1031	9.607226142637891e-01	2.676391601562500e-02
1032	9.613230107149545e-01	2.691650390625000e-02
1033	9.611350218106826e-01	2.624511718750000e-02
1034	9.610356100608807e-01	2.708740234375000e-02
1035	9.605704038599213e-01	2.702026367187500e-02
1036	9.596942905046103e-01	2.723388671875000e-02
1037	9.602004925511283e-01	2.777099609375000e-02
1038	9.606124903507290e-01	2.740478515625000e-02
1039	9.602147167658718e-01	2.740478515625000e-02
1040	9.606206478413125e-01	2.774658203125000e-02
1041	9.612112416728964e-01	2.697143554687500e-02
1042	9.615475775438038e-01	2.651977539062500e-02
1043	9.610598376566489e-01	2.655639648437500e-02
1044	9.604391321778601e-01	2.740478515625000e-02
1045	9.601457123888958e-01	2.710571289062500e-02
1046	9.611748456090318e-01	2.673950195312500e-02
1047	9.617644061533333e-01	2.597045898437500e-02
1048	9.616650513535664e-01	2.626953125000000e-02
1049	9.606456104327322e-01	2.633666992187500e-02
1050	9.600680860408128e-01	2.752075195312500e-02
1051	9.601915466998815e-01	2.684936523437500e-02
1052	9.603780532930081e-01	2.685546875000000e-02
1053	9.608945165586392e-01	2.713012695312500e-02
1054	9.610433307669400e-01	2.546997070312500e-02
1055	9.623901975995420e-01	2.575683593750000e-02
1056	9.621990224185311e-01	2.580566406250000e-02
1057	9.616364491251264e-01	2.631835937500000e-02
1058	9.609880206491708e-01	2.592773437500000e-02
1059	9.610898097901672e-01	2.694091796875000e-02
1060	9.614230357780648e-01	2.705078125000000e-02
1061	9.614531543898246e-01	2.563476562500000e-02
1062	9.614144469756601e-01	2.627563476562500e-02
1063	9.608451326960386e-01	2.708740234375000e-02
1064	9.610091334777868e-01	2.652587890625000e-02
1065	9.601598216720744e-01	2.711181640625000e-02
1066	9.607408290474412e-01	2.630004882812500e-02
1067	9.609844152939307e-01	2.651977539062500e-02
1068	9.608591885348892e-01	2.687377929687500e-02
1069	9.610490740268260e-01	2.667236328125000e-02
1070	9.616426368294660e-01	2.636718750000000e-02
1071	9.606670365903506e-01	2.747802734375000e-02
1072	9.617142939155107e-01	2.618408203125000e-02
1073	9.620841292241873e-01	2.554321289062500e-02
1074	9.613314302239320e-01	2.648925781250000e-02
1075	9.612737863019913e-01	2.582397460937500e-02
1076	9.618548733469195e-01	2.529296875000000e-02
1077	9.614513592482833e-01	2.537841796875000e-02
1078	9.612219488518589e-01	2.680053710937500e-02
1079	9.606397872357083e-01	2.616577148437500e-02
1080	9.618654548048422e-01	2.586059570312500e-02
1081	9.613721459452983e-01	2.600708007812500e-02
1082	9.606050127568738e-01	2.622680664062500e-02
1083	9.605580349440501e-01	2.664794921875000e-02
1084	9.610243864203238e-01	2.629394531250000e-02
1085	9.603398925750306e-01	2.688598632812500e-02
1086	9.602803142587538e-01	2.822265625000000e-02
1087	9.600638952462789e-01	2.644653320312500e-02
1088	9.605329230142298e-01	2.706298828125000e-02
1089	9.607224140843790e-01	2.636108398437500e-02
1090	9.606033062070248e-01	2.580566406250000e-02
1091	9.606653239957795e-01	2.589721679687500e-02
1092	9.607465800512495e-01	2.700805664062500e-02
1093	9.611279547960336e-01	2.650146484375000e-02
1094	9.614614533668832e-01	2.655639648437500e-02
1095	9.609796829544157e-01	2.642211914062500e-02
1096	9.601164898475848e-01	2.619628906250000e-02
1097	9.604327885528271e-01	2.598266601562500e-02
1098	9.607481885123644e-01	2.584838867187500e-02
1099	9.609642820208171e-01	2.606201171875000e-02
1100	9.609957439041102e-01	2.584838867187500e-02
1101	9.612174712798075e-01	2.603759765625000e-02
1102	9.600931119545385e-01	2.639770507812500e-02
1103	9.606796822435268e-01	2.651367187500000e-02
1104	9.607586652199648e-01	2.683105468750000e-02
1105	9.601669304036947e-01	2.664794921875000e-02
1106	9.598129250639099e-01	2.678222656250000e-02
1107	9.593951807154996e-01	2.720336914062500e-02
1108	9.599338996617800e-01	2.805786132812500e-02
1109	9.598410790961042e-01	2.659301757812500e-02
1110	9.601896788037663e-01	2.741088867187500e-02
1111	9.599863810152121e-01	2.642822265625000e-02
1112	9.604938962597244e-01	2.637939453125000e-02
1113	9.596812774522921e-01	2.624511718750000e-02
1114	9.604429061035256e-01	2.727050781250000e-02
1115	9.601830468963320e-01	2.693481445312500e-02
1116	9.607816878872565e-01	2.722778320312500e-02
1117	9.609649996990060e-01	2.641601562500000e-02
1118	9.606844239087736e-01	2.660522460937500e-02
1119	9.611760494129648e-01	2.675781250000000e-02
1120	9.611938653702734e-01	2.672729492187500e-02
1121	9.615513321613592e-01	2.608642578125000e-02
1122	9.604291363980771e-01	2.572021484375000e-02
1123	9.615166377867236e-01	2.590332031250000e-02
1124	9.615890555216599e-01	2.504882812500000e-02
1125	9.615429276393316e-01	2.536621093750000e-02
1126	9.610505582958874e-01	2.569580078125000e-02
1127	9.611875286294239e-01	2.592773437500000e-02
1128	9.609752513795256e-01	2.638549804687500e-02
1129	9.605362247467246e-01	2.656250000000000e-02
1130	9.604590947003863e-01	2.611694335937500e-02
1131	9.601145973948336e-01	2.635498046875000e-02
1132	9.597276448237518e-01	2.722778320312500e-02
1133	9.597821954768756e-01	2.706909179687500e-02
1134	9.606169732334782e-01	2.642211914062500e-02
1135	9.602320930187495e-01	2.631835937500000e-02
1136	9.605263428663894e-01	2.633666992187500e-02
1137	9.605338467652338e-01	2.718505859375000e-02
1138	9.605654903483530e-01	2.626953125000000e-02
1139	9.608990601638728e-01	2.642822265625000e-02
1140	9.607181015276978e-01	2.572631835937500e-02
1141	9.610465222709137e-01	2.598266601562500e-02
1142	9.611139338647375e-01	2.628784179687500e-02
1143	9.619183351601003e-01	2.576293945312500e-02
1144	9.618108436999182e-01	2.614746093750000e-02
1145	9.616231686639803e-01	2.613525390625000e-02
1146	9.617219768322468e-01	2.600708007812500e-02
1147	9.615560538309437e-01	2.579345703125000e-02
1148	9.603718105717104e-01	2.634887695312500e-02
1149	9.613651653075842e-01	2.589111328125000e-02
1150	9.615524426045221e-01	2.619628906250000e-02
1151	9.609108302474101e-01	2.677001953125000e-02
1152	9.609875884557830e-01	2.644042968750000e-02
1153	9.609697207632922e-01	2.706298828125000e-02
1154	9.613566112289221e-01	2.547607421875000e-02
1155	9.610616485929820e-01	2.578125000000000e-02
1156	9.612322568268122e-01	2.587890625000000e-02
1157	9.607229469850170e-01	2.662963867187500e-02
1158	9.605903729511582e-01	2.576904296875000e-02
1159	9.611723265628025e-01	2.714233398437500e-02
1160	9.603173556626646e-01	2.607421875000000e-02
1161	9.602253593073343e-01	2.650756835937500e-02
1162	9.605135040754327e-01	2.542724609375000e-02
1163	9.601624541649566e-01	2.681274414062500e-02
1164	9.594286726146213e-01	2.658081054687500e-02
1165	9.594146576729387e-01	2.709350585937500e-02
1166	9.603127651665929e-01	2.640991210937500e-02
1167	9.604398170330776e-01	2.634277343750000e-02
1168	9.594637556606621e-01	2.628784179687500e-02
1169	9.596697540641062e-01	2.606201171875000e-02
1170	9.594100776793879e-01	2.589721679687500e-02
1171	9.582017799472324e-01	2.697143554687500e-02
1172	9.589555268792048e-01	2.802124023437500e-02
1173	9.588481537891255e-01	2.714233398437500e-02
1174	9.589969039697346e-01	2.744750976562500e-02
1175	9.593830755116294e-01	2.681884765625000e-02
1176	9.597082980578361e-01	2.700805664062500e-02
1177	9.600049811744179e-01	2.590942382812500e-02
1178	9.595248088572707e-01	2.689208984375000e-02
1179	9.591244535338386e-01	2.685546875000000e-02
1180	9.593826056183601e-01	2.765502929687500e-02
1181	9.595116050135662e-01	2.659912109375000e-02
1182	9.591641420605543e-01	2.636108398437500e-02
1183	9.604803763854700e-01	2.627563476562500e-02
1184	9.599849842015972e-01	2.584838867187500e-02
1185	9.593151879976767e-01	2.682495117187500e-02
1186	9.589768803769013e-01	2.757568359375000e-02
1187	9.590471260009917e-01	2.706909179687500e-02
1188	9.594738911126860e-01	2.611083984375000e-02
1189	9.589997914329565e-01	2.735595703125000e-02
1190	9.598058328633611e-01	2.713012695312500e-02
1191	9.595437746946388e-01	2.607421875000000e-02
1192	9.593336000736605e-01	2.596435546875000e-02
1193	9.592295525908834e-01	2.680053710937500e-02
1194	9.590876913404512e-01	2.590332031250000e-02
1195	9.597572640931018e-01	2.720947265625000e-02
1196	9.606630326045545e-01	2.664794921875000e-02
1197	9.601619339173778e-01	2.608642578125000e-02
1198	9.606614313652040e-01	2.557983398437500e-02
1199	9.607239772633026e-01	2.571411132812500e-02
1200	9.599636048212609e-01	2.679443359375000e-02
1201	9.602350398198457e-01	2.570190429687500e-02
1202	9.605819380406989e-01	2.632446289062500e-02
1203	9.606907741687229e-01	2.517700195312500e-02
1204	9.606168685398365e-01	2.551879882812500e-02
1205	9.594689803332327e-01	2.518310546875000e-02
1206	9.593202718319600e-01	2.611694335937500e-02
1207	9.594183729290053e-01	2.625732421875000e-02
1208	9.600633290481277e-01	2.603149414062500e-02
1209	9.602370557806070e-01	2.603149414062500e-02
1210	9.606939689211735e-01	2.506713867187500e-02
1211	9.604128458262733e-01	2.592163085937500e-02
1212	9.593476981449637e-01	2.636718750000000e-02
1213	9.596703487444787e-01	2.636108398437500e-02
1214	9.589938713135574e-01	2.719726562500000e-02
1215	9.584742499901449e-01	2.675170898437500e-02
1216	9.594689186401820e-01	2.687988281250000e-02
1217	9.602620188748151e-01	2.626342773437500e-02
1218	9.598949231601691e-01	2.620849609375000e-02
1219	9.597565885983048e-01	2.611694335937500e-02
1220	9.600537922610849e-01	2.598266601562500e-02
1221	9.601042020457521e-01	2.615966796875000e-02
1222	9.590304867434466e-01	2.575683593750000e-02
1223	9.599685915067465e-01	2.570190429687500e-02
1224	9.596082669862710e-01	2.634887695312500e-02
1225	9.596503385470910e-01	2.630004882812500e-02
1226	9.597462808862849e-01	2.601928710937500e-02
1227	9.600052467843488e-01	2.617187500000000e-02
1228	9.603568996286472e-01	2.673950195312500e-02
1229	9.602236867151008e-01	2.608032226562500e-02
1230	9.597401125762427e-01	2.630615234375000e-02
1231	9.593932135069291e-01	2.611694335937500e-02
1232	9.592028972006150e-01	2.658691406250000e-02
1233	9.600798232521520e-01	2.647705078125000e-02
1234	9.599011819377732e-01	2.555541992187500e-02
1235	9.593673997356427e-01	2.595825195312500e-02
1236	9.598376323663859e-01	2.708740234375000e-02
1237	9.596645613925410e-01	2.640991210937500e-02
1238	9.593779260445174e-01	2.671508789062500e-02
1239	9.601786058128173e-01	2.606201171875000e-02
1240	9.596143261408553e-01	2.586059570312500e-02
1241	9.606664015281186e-01	2.582397460937500e-02
1242	9.601367623528477e-01	2.607421875000000e-02
1243	9.607017198917204e-01	2.598876953125000e-02
1244	9.606630606892793e-01	2.537231445312500e-02
1245	9.610428766220220e-01	2.652587890625000e-02
1246	9.598542125989167e-01	2.485961914062500e-02
1247	9.593683937246292e-01	2.681274414062500e-02
1248	9.601913346571043e-01	2.564086914062500e-02
1249	9.604973647336746e-01	2.499389648437500e-02
1250	9.599379734283736e-01	2.538452148437500e-02
1251	9.594459120236856e-01	2.600708007812500e-02
1252	9.593100102946007e-01	2.528686523437500e-02
1253	9.593265755284168e-01	2.609252929687500e-02
1254	9.592531473704266e-01	2.612915039062500e-02
1255	9.595868352240893e-01	2.593383789062500e-02
1256	9.592435636588322e-01	2.583618164062500e-02
1257	9.596787824056613e-01	2.560424804687500e-02
1258	9.597052721458609e-01	2.618408203125000e-02
1259	9.599694127375357e-01	2.600097656250000e-02
1260	9.597456801958067e-01	2.640380859375000e-02
1261	9.596330512198507e-01	2.589721679687500e-02
1262	9.592196599172929e-01	2.611694335937500e-02
1263	9.597860471298741e-01	2.548217773437500e-02
1264	9.602898983806933e-01	2.590942382812500e-02
1265	9.598174117458261e-01	2.565917968750000e-02
1266	9.598981728077222e-01	2.562255859375000e-02
1267	9.598375826622286e-01	2.567138671875000e-02
1268	9.593176430115835e-01	2.509765625000000e-02
1269	9.595903660616592e-01	2.585449218750000e-02
1270	9.593639221106821e-01	2.587890625000000e-02
1271	9.589726284954577e-01	2.723388671875000e-02
1272	9.595823514690198e-01	2.651367187500000e-02
1273	9.591147850428751e-01	2.573242187500000e-02
1274	9.583538370593033e-01	2.692260742187500e-02
1275	9.591255563723613e-01	2.749633789062500e-02
1276	9.590353158961163e-01	2.689819335937500e-02
1277	9.592673293457180e-01	2.647705078125000e-02
1278	9.594114634624781e-01	2.596435546875000e-02
1279	9.594894950029397e-01	2.597656250000000e-02
1280	9.589944919669490e-01	2.689208984375000e-02
1281	9.591609886589323e-01	2.612304687500000e-02
1282	9.584672373872990e-01	2.662963867187500e-02
1283	9.592752564793381e-01	2.717285156250000e-02
1284	9.589219106613173e-01	2.609252929687500e-02
1285	9.582669250020270e-01	2.601318359375000e-02
1286	9.586129428305230e-01	2.666015625000000e-02
1287	9.583268893176400e-01	2.700195312500000e-02
1288	9.580507186489631e-01	2.666625976562500e-02
1289	9.576909327811358e-01	2.697143554687500e-02
1290	9.583240500070472e-01	2.676391601562500e-02
1291	9.581897231237880e-01	2.667236328125000e-02
1292	9.581562288567823e-01	2.649536132812500e-02
1293	9.585950697905469e-01	2.651977539062500e-02
1294	9.591835523108535e-01	2.591552734375000e-02
1295	9.593942862858249e-01	2.697753906250000e-02
1296	9.588965835348272e-01	2.659301757812500e-02
1297	9.588197072225655e-01	2.558593750000000e-02
1298	9.587570713555595e-01	2.600097656250000e-02
1299	9.591519687306734e-01	2.553710937500000e-02
1300	9.589998903347537e-01	2.574462890625000e-02
1301	9.584416572384713e-01	2.527465820312500e-02
1302	9.585535266911435e-01	2.620239257812500e-02
1303	9.586077724423040e-01	2.600708007812500e-02
1304	9.584499786612340e-01	2.699584960937500e-02
1305	9.591630411640572e-01	2.650146484375000e-02
1306	9.595324020823690e-01	2.593994140625000e-02
1307	9.591433250385158e-01	2.586059570312500e-02
1308	9.597258827339715e-01	2.540283203125000e-02
1309	9.587426198135773e-01	2.628173828125000e-02
1310	9.578320798991752e-01	2.614135742187500e-02
1311	9.580008976222123e-01	2.680664062500000e-02
1312	9.580789863579446e-01	2.614135742187500e-02
1313	9.571271846590599e-01	2.727050781250000e-02
1314	9.582021130686709e-01	2.648925781250000e-02
1315	9.568422966827956e-01	2.700805664062500e-02
1316	9.573110682786843e-01	2.719726562500000e-02
1317	9.576613388976275e-01	2.617797851562500e-02
1318	9.578844656400838e-01	2.722778320312500e-02
1319	9.578959323571477e-01	2.650146484375000e-02
1320	9.577851278819881e-01	2.597045898437500e-02
1321	9.581236828995592e-01	2.636718750000000e-02
1322	9.580805806162034e-01	2.558593750000000e-02
1323	9.578193515534049e-01	2.597656250000000e-02
1324	9.587981138743854e-01	2.583007812500000e-02
1325	9.584075455861786e-01	2.478637695312500e-02
1326	9.578395216299641e-01	2.557373046875000e-02
1327	9.579469195656309e-01	2.640991210937500e-02
1328	9.576131767414076e-01	2.635498046875000e-02
1329	9.581062038131001e-01	2.675170898437500e-02
1330	9.588076736184696e-01	2.670288085937500e-02
1331	9.587771460149378e-01	2.535400390625000e-02
1332	9.590077410923525e-01	2.635498046875000e-02
1333	9.586986142182070e-01	2.606201171875000e-02
1334	9.583632272307669e-01	2.540283203125000e-02
1335	9.584000175441907e-01	2.538452148437500e-02
1336	9.582854786882904e-01	2.591552734375000e-02
1337	9.583772449285907e-01	2.541503906250000e-02
1338	9.578341440660135e-01	2.637329101562500e-02
1339	9.585148383341128e-01	2.611083984375000e-02
1340	9.582928117277767e-01	2.586669921875000e-02
1341	9.584877471218577e-01	2.563476562500000e-02
1342	9.579741880915958e-01	2.586059570312500e-02
1343	9.573774993645854e-01	2.601928710937500e-02
1344	9.576833451583342e-01	2.581787109375000e-02
1345	9.580578711436490e-01	2.590942382812500e-02
1346	9.586588047721883e-01	2.562866210937500e-02
1347	9.576609013825292e-01	2.540283203125000e-02
1348	9.579309686362091e-01	2.615356445312500e-02
1349	9.575395716978714e-01	2.659912109375000e-02
1350	9.572615171594121e-01	2.641601562500000e-02
1351	9.573696908333509e-01	2.667236328125000e-02
1352	9.565250269300374e-01	2.661132812500000e-02
1353	9.569859926582062e-01	2.680664062500000e-02
1354	9.563146494446975e-01	2.648925781250000e-02
1355	9.564414140864076e-01	2.690429687500000e-02
1356	9.560779184390314e-01	2.692260742187500e-02
1357	9.562174338355073e-01	2.698974609375000e-02
1358	9.573059531905549e-01	2.713012695312500e-02
1359	9.571956179396710e-01	2.672729492187500e-02
1360	9.573753470760771e-01	2.648315429687500e-02
1361	9.566984193623869e-01	2.650146484375000e-02
1362	9.564368434549669e-01	2.649536132812500e-02
1363	9.569426780282141e-01	2.622680664062500e-02
1364	9.577017444896193e-01	2.678833007812500e-02
1365	9.576810967330546e-01	2.539062500000000e-02
1366	9.570259719978393e-01	2.645874023437500e-02
1367	9.570509556125374e-01	2.636108398437500e-02
1368	9.569632218268979e-01	2.578735351562500e-02
1369	9.566122784193801e-01	2.664184570312500e-02
1370	9.568673044614765e-01	2.736816406250000e-02
1371	9.572758136794799e-01	2.698974609375000e-02
1372	9.577685573293490e-01	2.584838867187500e-02
1373	9.578249756527857e-01	2.578125000000000e-02
1374	9.569762826941469e-01	2.661743164062500e-02
1375	9.571829971365734e-01	2.637329101562500e-02
1376	9.572759893297578e-01	2.677001953125000e-02
1377	9.579368227339482e-01	2.592163085937500e-02
1378	9.568988389084186e-01	2.650146484375000e-02
1379	9.568441950323553e-01	2.637939453125000e-02
1380	9.568883330086601e-01	2.605590820312500e-02
1381	9.563501944737561e-01	2.633666992187500e-02
1382	9.565911668434333e-01	2.622680664062500e-02
1383	9.561320625521148e-01	2.649536132812500e-02
1384	9.560761731864565e-01	2.680664062500000e-02
1385	9.564354935569382e-01	2.714233398437500e-02
1386	9.564679987368829e-01	2.694091796875000e-02
1387	9.565481771411961e-01	2.708740234375000e-02
1388	9.565515213373570e-01	2.664794921875000e-02
1389	9.554911514257326e-01	2.733764648437500e-02
1390	9.564175343174877e-01	2.692871093750000e-02
1391	9.562739652383175e-01	2.716674804687500e-02
1392	9.561461141922213e-01	2.713623046875000e-02
1393	9.571258867837830e-01	2.758789062500000e-02
1394	9.569697944273566e-01	2.589721679687500e-02
1395	9.568513842077967e-01	2.657470703125000e-02
1396	9.569787090168504e-01	2.636718750000000e-02
1397	9.561199671376404e-01	2.647094726562500e-02
1398	9.570675125765665e-01	2.707519531250000e-02
1399	9.571216234225526e-01	2.572021484375000e-02
1400	9.573744340378351e-01	2.635498046875000e-02
1401	9.567727601399830e-01	2.677001953125000e-02
1402	9.566696767504598e-01	2.658081054687500e-02
1403	9.569830993070041e-01	2.618408203125000e-02
1404	9.574580840921277e-01	2.650146484375000e-02
1405	9.572646004993893e-01	2.591552734375000e-02
1406	9.566803920329096e-01	2.626953125000000e-02
1407	9.565394723526074e-01	2.599487304687500e-02
1408	9.566265641909358e-01	2.698364257812500e-02
1409	9.560770195157219e-01	2.736206054687500e-02
1410	9.555326307149815e-01	2.617797851562500e-02
1411	9.558563323733148e-01	2.711791992187500e-02
1412	9.560945791647654e-01	2.669677734375000e-02
1413	9.565456622378181e-01	2.677612304687500e-02
1414	9.562998035227643e-01	2.667846679687500e-02
1415	9.560422811461463e-01	2.696533203125000e-02
1416	9.567855763978379e-01	2.621459960937500e-02
1417	9.564781046564761e-01	2.621459960937500e-02
1418	9.560418629293435e-01	2.700805664062500e-02
1419	9.557358386499902e-01	2.754516601562500e-02
1420	9.570375270956336e-01	2.611083984375000e-02
1421	9.560362513040680e-01	2.649536132812500e-02
1422	9.555158475628458e-01	2.635498046875000e-02
1423	9.560937570103917e-01	2.678833007812500e-02
1424	9.559520603581442e-01	2.690429687500000e-02
1425	9.556071796132038e-01	2.777099609375000e-02
1426	9.555706809154242e-01	2.625732421875000e-02
1427	9.552664596727918e-01	2.739257812500000e-02
1428	9.559379441650274e-01	2.603759765625000e-02
1429	9.552958848339794e-01	2.718505859375000e-02
1430	9.548364739522174e-01	2.726440429687500e-02
1431	9.553314919499560e-01	2.741088867187500e-02
1432	9.552153915096327e-01	2.681274414062500e-02
1433	9.556517935890666e-01	2.687988281250000e-02
1434	9.557622602606815e-01	2.648925781250000e-02
1435	9.557376144747488e-01	2.642211914062500e-02
1436	9.563496080456365e-01	2.639770507812500e-02
1437	9.569641470850216e-01	2.569580078125000e-02
1438	9.565964443567637e-01	2.587280273437500e-02
1439	9.561628989434706e-01	2.613525390625000e-02
1440	9.559894220408952e-01	2.600708007812500e-02
1441	9.567418643176002e-01	2.550659179687500e-02
1442	9.570901116714894e-01	2.565307617187500e-02
1443	9.564979391686266e-01	2.650756835937500e-02
1444	9.572309869799166e-01	2.648315429687500e-02
1445	9.566804995509801e-01	2.570190429687500e-02
1446	9.563061373022751e-01	2.689208984375000e-02
1447	9.561186475117834e-01	2.758178710937500e-02
1448	9.560404197686889e-01	2.636108398437500e-02
1449	9.571580088921245e-01	2.623291015625000e-02
1450	9.559316570051902e-01	2.650146484375000e-02
1451	9.557290089181875e-01	2.708129882812500e-02
1452	9.556511139099232e-01	2.651367187500000e-02
1453	9.549341373944006e-01	2.661743164062500e-02
1454	9.556373510578080e-01	2.699584960937500e-02
1455	9.555869471027426e-01	2.692260742187500e-02
1456	9.554603854796642e-01	2.685546875000000e-02
1457	9.555920641788229e-01	2.605590820312500e-02
1458	9.551474305845326e-01	2.656860351562500e-02
1459	9.558994943582674e-01	2.654418945312500e-02
1460	9.558182290308186e-01	2.673950195312500e-02
1461	9.561322547399960e-01	2.622070312500000e-02
1462	9.556904758014081e-01	2.607421875000000e-02
1463	9.560512566370036e-01	2.718505859375000e-02
1464	9.560634123778801e-01	2.658081054687500e-02
1465	9.550510024477529e-01	2.627563476562500e-02
1466	9.560591448423482e-01	2.619018554687500e-02
1467	9.564919299618716e-01	2.657470703125000e-02
1468	9.567427830507492e-01	2.584838867187500e-02
1469	9.562444810841290e-01	2.552490234375000e-02
1470	9.566409976118565e-01	2.573242187500000e-02
1471	9.569586228381897e-01	2.593994140625000e-02
1472	9.561763227816963e-01	2.551269531250000e-02
1473	9.555203568428103e-01	2.596435546875000e-02
1474	9.558588235481355e-01	2.570800781250000e-02
1475	9.554664829571076e-01	2.564086914062500e-02
1476	9.559923679930789e-01	2.682495117187500e-02
1477	9.556766400629341e-01	2.591552734375000e-02
1478	9.559672884211726e-01	2.679443359375000e-02
1479	9.555649633181919e-01	2.615966796875000e-02
1480	9.554721467107955e-01	2.625122070312500e-02
1481	9.556500573085588e-01	2.664794921875000e-02
1482	9.555383294358092e-01	2.673950195312500e-02
1483	9.557250049994419e-01	2.530517578125000e-02
1484	9.558784711438100e-01	2.543945312500000e-02
1485	9.563770994657342e-01	2.574462890625000e-02
1486	9.554090061762341e-01	2.618408203125000e-02
1487	9.557203637711714e-01	2.592163085937500e-02
1488	9.561809709118364e-01	2.657470703125000e-02
1489	9.548832908374759e-01	2.654418945312500e-02
1490	9.557661362401438e-01	2.656860351562500e-02
1491	9.562333035552314e-01	2.536010742187500e-02
1492	9.557373347120164e-01	2.542114257812500e-02
1493	9.554500754715879e-01	2.584838867187500e-02
1494	9.553742268389942e-01	2.697753906250000e-02
1495	9.553103042377066e-01	2.668457031250000e-02
1496	9.548328087354782e-01	2.648925781250000e-02
1497	9.546113940142984e-01	2.683715820312500e-02
1498	9.552184771053510e-01	2.669067382812500e-02
1499	9.554546520500192e-01	2.588500976562500e-02
1500	9.561212974801622e-01	2.537231445312500e-02
1501	9.560569486573914e-01	2.635498046875000e-02
1502	9.561146508988186e-01	2.648315429687500e-02
1503	9.557463508382495e-01	2.625122070312500e-02
1504	9.560313382300624e-01	2.581787109375000e-02
1505	9.558341549753527e-01	2.581176757812500e-02
1506	9.553769340311918e-01	2.647094726562500e-02
1507	9.555731078186617e-01	2.626953125000000e-02
1508	9.547076072402056e-01	2.665405273437500e-02
1509	9.546841582399992e-01	2.707519531250000e-02
1510	9.546531897047363e-01	2.691040039062500e-02
1511	9.551861963169612e-01	2.666015625000000e-02
1512	9.547617214459082e-01	2.673339843750000e-02
1513	9.551268227075203e-01	2.724609375000000e-02
1514	9.540655814751696e-01	2.653198242187500e-02
1515	9.543157790048977e-01	2.589721679687500e-02
1516	9.543490666674465e-01	2.644042968750000e-02
1517	9.544809888538314e-01	2.695922851562500e-02
1518	9.542588597686161e-01	2.700805664062500e-02
1519	9.544508346887673e-01	2.672729492187500e-02
1520	9.538693327376043e-01	2.667236328125000e-02
1521	9.545822257752351e-01	2.689208984375000e-02
1522	9.541741973638094e-01	2.659301757812500e-02
1523	9.544487814451957e-01	2.755126953125000e-02
1524	9.552561179754296e-01	2.634887695312500e-02
1525	9.555563517706850e-01	2.579956054687500e-02
1526	9.549995871981319e-01	2.611083984375000e-02
1527	9.551143188965100e-01	2.696533203125000e-02
1528	9.549908733327596e-01	2.565307617187500e-02
1529	9.545798891328823e-01	2.620239257812500e-02
1530	9.539597785264712e-01	2.672119140625000e-02
1531	9.540318844957371e-01	2.760620117187500e-02
1532	9.554386286372858e-01	2.639770507812500e-02
1533	9.555294688286411e-01	2.589721679687500e-02
1534	9.546542911008219e-01	2.659912109375000e-02
1535	9.555578687842546e-01	2.560424804687500e-02
1536	9.536834662668435e-01	2.715454101562500e-02
1537	9.542271492387973e-01	2.628173828125000e-02
1538	9.548863586163076e-01	2.744750976562500e-02
1539	9.543443340922434e-01	2.692871093750000e-02
1540	9.542131793412484e-01	2.685546875000000e-02
1541	9.541972666287752e-01	2.645263671875000e-02
1542	9.540490811806798e-01	2.637329101562500e-02
1543	9.544854323128672e-01	2.622680664062500e-02
1544	9.545662170886745e-01	2.568359375000000e-02
1545	9.538949689557534e-01	2.623291015625000e-02
1546	9.534767849284544e-01	2.577514648437500e-02
1547	9.544334442831469e-01	2.647705078125000e-02
1548	9.539581052675228e-01	2.723388671875000e-02
1549	9.546491369374678e-01	2.587280273437500e-02
1550	9.551376196522243e-01	2.622070312500000e-02
1551	9.539660433333382e-01	2.631225585937500e-02
1552	9.532899429320735e-01	2.785034179687500e-02
1553	9.533818452426579e-01	2.664794921875000e-02
1554	9.544412162600168e-01	2.668457031250000e-02
1555	9.535132076993090e-01	2.705688476562500e-02
1556	9.536821268383323e-01	2.666625976562500e-02
1557	9.539054987377392e-01	2.662963867187500e-02
1558	9.541517451243978e-01	2.655639648437500e-02
1559	9.541652335483755e-01	2.673339843750000e-02
1560	9.536784187148265e-01	2.608642578125000e-02
1561	9.536470487836245e-01	2.707519531250000e-02
1562	9.538958229772515e-01	2.670898437500000e-02
1563	9.539089779949620e-01	2.633666992187500e-02
1564	9.534425633151603e-01	2.632446289062500e-02
1565	9.532536526086229e-01	2.599487304687500e-02
1566	9.540169720390034e-01	2.620239257812500e-02
1567	9.545286873964606e-01	2.660522460937500e-02
1568	9.543421125737739e-01	2.627563476562500e-02
1569	9.540019647722972e-01	2.637329101562500e-02
1570	9.541302121564943e-01	2.734375000000000e-02
1571	9.538899228513879e-01	2.687377929687500e-02
1572	9.544446000778740e-01	2.625122070312500e-02
1573	9.542641644230624e-01	2.611083984375000e-02
1574	9.542095373337496e-01	2.596435546875000e-02
1575	9.541250975848349e-01	2.594604492187500e-02
1576	9.542209301375313e-01	2.674560546875000e-02
1577	9.537375842053261e-01	2.613525390625000e-02
1578	9.540780871470155e-01	2.564697265625000e-02
1579	9.539569065979009e-01	2.639770507812500e-02
1580	9.542957308047201e-01	2.695922851562500e-02
1581	9.538798234744591e-01	2.691650390625000e-02
1582	9.540735076234853e-01	2.648925781250000e-02
1583	9.540114456053094e-01	2.760620117187500e-02
1584	9.541577567303783e-01	2.675781250000000e-02
1585	9.539581913936429e-01	2.686767578125000e-02
1586	9.544563002077392e-01	2.594604492187500e-02
1587	9.534690867963459e-01	2.649536132812500e-02
1588	9.540315820008534e-01	2.725830078125000e-02
1589	9.528476425772276e-01	2.692260742187500e-02
1590	9.535935426847821e-01	2.725830078125000e-02
1591	9.540314750362714e-01	2.601928710937500e-02
1592	9.537631905021559e-01	2.682495117187500e-02
1593	9.540376897102648e-01	2.651367187500000e-02
1594	9.538904979092893e-01	2.640380859375000e-02
1595	9.526320768804487e-01	2.744750976562500e-02
1596	9.532397038224566e-01	2.758789062500000e-02
1597	9.531002378513640e-01	2.721557617187500e-02
1598	9.534058967675788e-01	2.671508789062500e-02
1599	9.537031045407675e-01	2.636718750000000e-02
1600	9.538841617205662e-01	2.617797851562500e-02
1601	9.533421786916825e-01	2.593994140625000e-02
1602	9.535944984357236e-01	2.596435546875000e-02
1603	9.534954606987561e-01	2.625122070312500e-02
1604	9.538166216648715e-01	2.623901367187500e-02
1605	9.526875151076459e-01	2.702636718750000e-02
1606	9.524681212120973e-01	2.722167968750000e-02
1607	9.534423333442860e-01	2.700805664062500e-02
1608	9.541190399470570e-01	2.645263671875000e-02
1609	9.539224902161149e-01	2.587280273437500e-02
1610	9.542545401932402e-01	2.659301757812500e-02
1611	9.535661894933186e-01	2.577514648437500e-02
1612	9.539169832874307e-01	2.677612304687500e-02
1613	9.534404968749723e-01	2.648925781250000e-02
1614	9.533430168186369e-01	2.638549804687500e-02
1615	9.530425683052851e-01	2.703247070312500e-02
1616	9.529838921875844e-01	2.632446289062500e-02
1617	9.528577468094297e-01	2.702636718750000e-02
1618	9.531438095174964e-01	2.729492187500000e-02
1619	9.530167490058186e-01	2.725219726562500e-02
1620	9.527780012209889e-01	2.719116210937500e-02
1621	9.525942834918507e-01	2.754516601562500e-02
1622	9.528080152704160e-01	2.759399414062500e-02
1623	9.533098835864170e-01	2.618408203125000e-02
1624	9.529097493686197e-01	2.614135742187500e-02
1625	9.526013140882492e-01	2.633056640625000e-02
1626	9.528519683976594e-01	2.700195312500000e-02
1627	9.526511482089153e-01	2.673950195312500e-02
1628	9.532628314513601e-01	2.748413085937500e-02
1629	9.536078913680365e-01	2.677612304687500e-02
1630	9.539993868292048e-01	2.633666992187500e-02
1631	9.525979738619182e-01	2.674560546875000e-02
1632	9.524686683631606e-01	2.680053710937500e-02
1633	9.523844566187353e-01	2.658081054687500e-02
1634	9.522096096107555e-01	2.705688476562500e-02
1635	9.523150143778875e-01	2.676391601562500e-02
1636	9.521714835326075e-01	2.713012695312500e-02
1637	9.520850338722545e-01	2.733764648437500e-02
1638	9.518850745231632e-01	2.716064453125000e-02
1639	9.518799714361958e-01	2.791137695312500e-02
1640	9.520312653703545e-01	2.728881835937500e-02
1641	9.520069748162449e-01	2.751464843750000e-02
1642	9.524932018684077e-01	2.806396484375000e-02
1643	9.525514018789928e-01	2.679443359375000e-02
1644	9.522993881656938e-01	2.752075195312500e-02
1645	9.530144851537993e-01	2.610473632812500e-02
1646	9.527894854250355e-01	2.661132812500000e-02
1647	9.521178478057980e-01	2.689208984375000e-02
1648	9.526802848817169e-01	2.697143554687500e-02
1649	9.528880402804605e-01	2.655639648437500e-02
1650	9.525140911068641e-01	2.743530273437500e-02
1651	9.525092136739767e-01	2.684936523437500e-02
1652	9.529498440087268e-01	2.709350585937500e-02
1653	9.527022458841388e-01	2.614746093750000e-02
1654	9.526964902491994e-01	2.657470703125000e-02
1655	9.523909996531873e-01	2.662963867187500e-02
1656	9.529865012243511e-01	2.769775390625000e-02
1657	9.531210976828691e-01	2.633666992187500e-02
1658	9.527645923818863e-01	2.579956054687500e-02
1659	9.523007077560880e-01	2.679443359375000e-02
1660	9.518322654931305e-01	2.647705078125000e-02
1661	9.515286342323629e-01	2.811889648437500e-02
1662	9.521482051476385e-01	2.637329101562500e-02
1663	9.516945994620807e-01	2.740478515625000e-02
1664	9.523281717584706e-01	2.609863281250000e-02
1665	9.523768652293597e-01	2.647705078125000e-02
1666	9.524118537046694e-01	2.623291015625000e-02
1667	9.511688579522275e-01	2.688598632812500e-02
1668	9.509179769169228e-01	2.721557617187500e-02
1669	9.506709938424828e-01	2.760620117187500e-02
1670	9.510028443468768e-01	2.730712890625000e-02
1671	9.499976379614342e-01	2.773437500000000e-02
1672	9.507470268427191e-01	2.769165039062500e-02
1673	9.516640199202199e-01	2.664794921875000e-02
1674	9.505735811704062e-01	2.720336914062500e-02
1675	9.507022478623696e-01	2.723388671875000e-02
1676	9.515911722340825e-01	2.731323242187500e-02
1677	9.515595485003843e-01	2.714233398437500e-02
1678	9.516111784583154e-01	2.723999023437500e-02
1679	9.517349390206783e-01	2.733764648437500e-02
1680	9.517398451771197e-01	2.663574218750000e-02
1681	9.513754243793046e-01	2.603149414062500e-02
1682	9.510568409204913e-01	2.655029296875000e-02
1683	9.509998122265649e-01	2.705078125000000e-02
1684	9.515751107830064e-01	2.723999023437500e-02
1685	9.508277310246701e-01	2.665405273437500e-02
1686	9.507436394165972e-01	2.661743164062500e-02
1687	9.503796448620238e-01	2.710571289062500e-02
1688	9.509192395955434e-01	2.698364257812500e-02
1689	9.505469523219331e-01	2.752685546875000e-02
1690	9.513174628833085e-01	2.737426757812500e-02
1691	9.517747241283069e-01	2.646484375000000e-02
1692	9.514957022519087e-01	2.550659179687500e-02
1693	9.513663829637360e-01	2.682495117187500e-02
1694	9.508109938703968e-01	2.690429687500000e-02
1695	9.507422259082271e-01	2.669067382812500e-02
1696	9.509519763006630e-01	2.714843750000000e-02
1697	9.504259044980413e-01	2.717895507812500e-02
1698	9.505781517845026e-01	2.734375000000000e-02
1699	9.506294909026836e-01	2.739257812500000e-02
1700	9.498678045615240e-01	2.766113281250000e-02
1701	9.501757835509156e-01	2.815551757812500e-02
1702	9.510071270237054e-01	2.744750976562500e-02
1703	9.505047166688537e-01	2.785034179687500e-02
1704	9.504451743135650e-01	2.787475585937500e-02
1705	9.505603853995629e-01	2.788696289062500e-02
1706	9.501101023398185e-01	2.779541015625000e-02
1707	9.502155362108288e-01	2.722778320312500e-02
1708	9.498046818973763e-01	2.735595703125000e-02
1709	9.489879598567602e-01	2.795410156250000e-02
1710	9.496058597939925e-01	2.836914062500000e-02
1711	9.503311709883202e-01	2.722778320312500e-02
1712	9.497490657888714e-01	2.658691406250000e-02
1713	9.496484987563134e-01	2.768554687500000e-02
1714	9.502518582668341e-01	2.788085937500000e-02
1715	9.502924631137932e-01	2.749633789062500e-02
1716	9.499149079488162e-01	2.728271484375000e-02
1717	9.506359015123810e-01	2.722167968750000e-02
1718	9.497904783095422e-01	2.681274414062500e-02
1719	9.491699463237805e-01	2.761230468750000e-02
1720	9.492555785270785e-01	2.744140625000000e-02
1721	9.492731660372176e-01	2.796020507812500e-02
1722	9.494538504670484e-01	2.764282226562500e-02
1723	9.496186698985466e-01	2.816772460937500e-02
1724	9.492233209175605e-01	2.722167968750000e-02
1725	9.491582459874554e-01	2.780761718750000e-02
1726	9.491421399718639e-01	2.835083007812500e-02
1727	9.494670448356025e-01	2.816772460937500e-02
1728	9.486591240171615e-01	2.890625000000000e-02
1729	9.492918503613620e-01	2.824707031250000e-02
1730	9.479556211969135e-01	2.817993164062500e-02
1731	9.490569002222881e-01	2.793579101562500e-02
1732	9.489784736888724e-01	2.694091796875000e-02
1733	9.495319415934408e-01	2.767944335937500e-02
1734	9.485918061655784e-01	2.766723632812500e-02
1735	9.483830860026852e-01	2.824096679687500e-02
1736	9.484812005360403e-01	2.835693359375000e-02
1737	9.490111310462722e-01	2.829589843750000e-02
1738	9.486076622130358e-01	2.774047851562500e-02
1739	9.487966627775011e-01	2.728881835937500e-02
1740	9.487857571163721e-01	2.783813476562500e-02
1741	9.486515557719041e-01	2.727661132812500e-02
1742	9.494678033051928e-01	2.685546875000000e-02
1743	9.495625425106277e-01	2.769775390625000e-02
1744	9.489229384544942e-01	2.774047851562500e-02
1745	9.479696094461764e-01	2.777709960937500e-02
1746	9.481383856783790e-01	2.816162109375000e-02
1747	9.491930940535799e-01	2.799072265625000e-02
1748	9.498650954379729e-01	2.792358398437500e-02
1749	9.497319100957889e-01	2.702026367187500e-02
1750	9.498046916309361e-01	2.747192382812500e-02
1751	9.500461800243447e-01	2.668457031250000e-02
1752	9.494555595497268e-01	2.648315429687500e-02
1753	9.484778929251028e-01	2.755737304687500e-02
1754	9.489422511761637e-01	2.742919921875000e-02
1755	9.489568462627025e-01	2.767944335937500e-02
1756	9.484273261193875e-01	2.788696289062500e-02
1757	9.490085978231718e-01	2.765502929687500e-02
1758	9.494532321233159e-01	2.702026367187500e-02
1759	9.498261812477033e-01	2.708740234375000e-02
1760	9.495302247109354e-01	2.717285156250000e-02
1761	9.498251240108252e-01	2.681884765625000e-02
1762	9.496673935911591e-01	2.652587890625000e-02
1763	9.498896641012488e-01	2.705688476562500e-02
1764	9.494328012489017e-01	2.662353515625000e-02
1765	9.491842315058817e-01	2.741088867187500e-02
1766	9.485433866260502e-01	2.798461914062500e-02
1767	9.490841459532368e-01	2.757568359375000e-02
1768	9.491395869909902e-01	2.747802734375000e-02
1769	9.490754816219251e-01	2.592773437500000e-02
1770	9.491747925603158e-01	2.810668945312500e-02
1771	9.491537209727721e-01	2.821044921875000e-02
1772	9.488263122154722e-01	2.665405273437500e-02
1773	9.477972876341402e-01	2.737426757812500e-02
1774	9.487982804951796e-01	2.787475585937500e-02
1775	9.486449228072783e-01	2.764282226562500e-02
1776	9.494564414507815e-01	2.807617187500000e-02
1777	9.483963255863056e-01	2.766113281250000e-02
1778	9.479825695461662e-01	2.816162109375000e-02
1779	9.476787548520119e-01	2.772827148437500e-02
1780	9.472642604412832e-01	2.841796875000000e-02
1781	9.479170069872209e-01	2.808837890625000e-02
1782	9.479777694121331e-01	2.854614257812500e-02
1783	9.474190730022177e-01	2.818603515625000e-02
1784	9.465537955111062e-01	2.933349609375000e-02
1785	9.472868596455656e-01	2.822265625000000e-02
1786	9.470431917545682e-01	2.854614257812500e-02
1787	9.482370393001105e-01	2.844238281250000e-02
1788	9.479723972560609e-01	2.753906250000000e-02
1789	9.484044156266630e-01	2.760009765625000e-02
1790	9.488034492280010e-01	2.689208984375000e-02
1791	9.477480255864728e-01	2.718505859375000e-02
1792	9.477154234521733e-01	2.783813476562500e-02
1793	9.487092041018436e-01	2.816162109375000e-02
1794	9.476137981236108e-01	2.684326171875000e-02
1795	9.481253731596831e-01	2.771606445312500e-02
1796	9.480684983950134e-01	2.784423828125000e-02
1797	9.480442657835333e-01	2.743530273437500e-02
1798	9.476884392993553e-01	2.780151367187500e-02
1799	9.485941602143191e-01	2.730712890625000e-02
1800	9.489487922900469e-01	2.679443359375000e-02
1801	9.484719400945574e-01	2.700195312500000e-02
1802	9.475753757131112e-01	2.691650390625000e-02
1803	9.475683684426929e-01	2.727050781250000e-02
1804	9.476395538139294e-01	2.706909179687500e-02
1805	9.479843781151982e-01	2.783203125000000e-02
1806	9.469465247615932e-01	2.760009765625000e-02
1807	9.469513334972351e-01	2.862548828125000e-02
1808	9.476821393081344e-01	2.785034179687500e-02
1809	9.482908783421645e-01	2.747802734375000e-02
1810	9.470814184765786e-01	2.778320312500000e-02
1811	9.475030828438150e-01	2.751464843750000e-02
1812	9.478511221496753e-01	2.819824218750000e-02
1813	9.473172013078015e-01	2.689819335937500e-02
1814	9.467319099143013e-01	2.815551757812500e-02
1815	9.462788847129940e-01	2.887573242187500e-02
1816	9.454676876655146e-01	2.868652343750000e-02
1817	9.460314752522874e-01	2.904663085937500e-02
1818	9.461763340577020e-01	2.868652343750000e-02
1819	9.460263398679453e-01	2.877807617187500e-02
1820	9.455984636077409e-01	2.810668945312500e-02
1821	9.467062389096069e-01	2.835083007812500e-02
1822	9.454122446766293e-01	2.886962890625000e-02
1823	9.449341219116406e-01	2.899169921875000e-02
1824	9.463808900283777e-01	2.838134765625000e-02
1825	9.458190735368172e-01	2.798461914062500e-02
1826	9.468320360947214e-01	2.819213867187500e-02
1827	9.467788429364014e-01	2.792968750000000e-02
1828	9.469512763889673e-01	2.728881835937500e-02
1829	9.466693743640936e-01	2.745971679687500e-02
1830	9.451762277198520e-01	2.833862304687500e-02
1831	9.449327472051848e-01	2.904663085937500e-02
1832	9.453209498299046e-01	2.939453125000000e-02
1833	9.451740401071743e-01	2.898559570312500e-02
1834	9.453770927497226e-01	2.854003906250000e-02
1835	9.459140705246570e-01	2.861328125000000e-02
1836	9.458597595665051e-01	2.810058593750000e-02
1837	9.453557298856344e-01	2.777099609375000e-02
1838	9.459931633109665e-01	2.856445312500000e-02
1839	9.455602751064380e-01	2.895507812500000e-02
1840	9.447920352389693e-01	2.871704101562500e-02
1841	9.447368045334783e-01	2.883300781250000e-02
1842	9.452646415413996e-01	2.828979492187500e-02
1843	9.453935427874921e-01	2.861328125000000e-02
1844	9.463951708602942e-01	2.789306640625000e-02
1845	9.462443503916150e-01	2.736816406250000e-02
1846	9.455209955795255e-01	2.889404296875000e-02
1847	9.450467577838313e-01	2.868652343750000e-02
1848	9.447631635340038e-01	2.891235351562500e-02
1849	9.453771937978940e-01	2.887573242187500e-02
1850	9.456889331124891e-01	2.860717773437500e-02
1851	9.452587282956778e-01	2.951660156250000e-02
1852	9.450468073424608e-01	2.884521484375000e-02
1853	9.450364751134153e-01	2.823486328125000e-02
1854	9.457180652363291e-01	2.822265625000000e-02
1855	9.453094349011545e-01	2.774658203125000e-02
1856	9.453487748044987e-01	2.840576171875000e-02
1857	9.451838817561441e-01	2.901000976562500e-02
1858	9.448457803425424e-01	2.862548828125000e-02
1859	9.438869062672152e-01	2.973022460937500e-02
1860	9.439517873598149e-01	2.888793945312500e-02
1861	9.442420607454368e-01	2.941894531250000e-02
1862	9.446570737433317e-01	2.797241210937500e-02
1863	9.440422359083586e-01	2.877807617187500e-02
1864	9.432542289447047e-01	2.892456054687500e-02
1865	9.439935612953461e-01	2.891235351562500e-02
1866	9.443141315863893e-01	2.873535156250000e-02
1867	9.445638242372206e-01	2.915039062500000e-02
1868	9.431318309751423e-01	2.914428710937500e-02
1869	9.437607001238137e-01	3.027343750000000e-02
1870	9.438009800834916e-01	2.891845703125000e-02
1871	9.441327205081667e-01	2.938232421875000e-02
1872	9.436587678390316e-01	2.933959960937500e-02
1873	9.434349428951143e-01	2.861328125000000e-02
1874	9.436493103823173e-01	2.972412109375000e-02
1875	9.435337915189558e-01	2.815551757812500e-02
1876	9.434322185886715e-01	2.907714843750000e-02
1877	9.442704586928371e-01	2.868041992187500e-02
1878	9.432742670661032e-01	2.950439453125000e-02
1879	9.429875942953321e-01	2.918090820312500e-02
1880	9.441160543305519e-01	2.893676757812500e-02
1881	9.433040898817793e-01	2.913208007812500e-02
1882	9.445361971406330e-01	2.883911132812500e-02
1883	9.439805082643394e-01	2.901000976562500e-02
1884	9.437856052944010e-01	2.817382812500000e-02
1885	9.434464727291475e-01	2.911987304687500e-02
1886	9.432862337357465e-01	2.900390625000000e-02
1887	9.439493264464903e-01	2.916870117187500e-02
1888	9.435512186549619e-01	2.831420898437500e-02
1889	9.432570842417619e-01	2.855224609375000e-02
1890	9.426791628857415e-01	2.887573242187500e-02
1891	9.431982555172946e-01	2.936401367187500e-02
1892	9.434837922655787e-01	2.879028320312500e-02
1893	9.426620534152675e-01	2.875976562500000e-02
1894	9.429939949958360e-01	3.011474609375000e-02
1895	9.421057460367089e-01	2.975463867187500e-02
1896	9.420954556270674e-01	2.996215820312500e-02
1897	9.419649343932224e-01	2.944946289062500e-02
1898	9.425128224372674e-01	3.021240234375000e-02
1899	9.425329361825042e-01	2.973632812500000e-02
1900	9.431225459627756e-01	2.903442382812500e-02
1901	9.432833722391002e-01	2.855834960937500e-02
1902	9.431604658755642e-01	2.908325195312500e-02
1903	9.435321984944168e-01	2.880249023437500e-02
1904	9.432402714041576e-01	2.979736328125000e-02
1905	9.438447541726501e-01	2.877197265625000e-02
1906	9.435014372060141e-01	2.851562500000000e-02
1907	9.433229693751096e-01	2.954711914062500e-02
1908	9.431991548496491e-01	2.908325195312500e-02
1909	9.434304281836643e-01	2.930297851562500e-02
1910	9.430229224012856e-01	2.799682617187500e-02
1911	9.430187908900476e-01	2.983398437500000e-02
1912	9.436212371043933e-01	2.836914062500000e-02
1913	9.426788242257641e-01	2.947387695312500e-02
1914	9.422478322118892e-01	2.841796875000000e-02
1915	9.420159875201065e-01	2.943115234375000e-02
1916	9.418971738665198e-01	2.942504882812500e-02
1917	9.418669389455908e-01	2.889404296875000e-02
1918	9.413853172549693e-01	2.974243164062500e-02
1919	9.419385830953154e-01	2.999267578125000e-02
1920	9.417827794265444e-01	2.965087890625000e-02
1921	9.415667500091155e-01	2.983398437500000e-02
1922	9.416499434586947e-01	2.858886718750000e-02
1923	9.417569984252613e-01	2.967529296875000e-02
1924	9.412366286912439e-01	2.995605468750000e-02
1925	9.416835856703024e-01	2.907104492187500e-02
1926	9.421168502206867e-01	2.963867187500000e-02
1927	9.423694004429629e-01	2.966918945312500e-02
1928	9.420358724213890e-01	2.900390625000000e-02
1929	9.423366307813437e-01	2.888183593750000e-02
1930	9.420324854493963e-01	2.957763671875000e-02
1931	9.420405851277649e-01	2.901000976562500e-02
1932	9.420730476448885e-01	2.871093750000000e-02
1933	9.420083340697216e-01	2.884521484375000e-02
1934	9.420150559682575e-01	2.810058593750000e-02
1935	9.414308833482142e-01	2.980957031250000e-02
1936	9.413213719332155e-01	2.933959960937500e-02
1937	9.403168921824299e-01	3.020019531250000e-02
1938	9.404741357473073e-01	3.132324218750000e-02
1939	9.415158609335412e-01	3.027954101562500e-02
1940	9.420396155083290e-01	2.941894531250000e-02
1941	9.417642850897976e-01	2.994384765625000e-02
1942	9.416162159446366e-01	2.959594726562500e-02
1943	9.417397664786660e-01	2.897949218750000e-02
1944	9.420385423247691e-01	2.881469726562500e-02
1945	9.424261210075016e-01	2.851562500000000e-02
1946	9.415185821482179e-01	2.948608398437500e-02
1947	9.415489254937169e-01	2.924194335937500e-02
1948	9.419779097297470e-01	2.963256835937500e-02
1949	9.414171646347967e-01	2.961425781250000e-02
1950	9.418213683092443e-01	2.937622070312500e-02
1951	9.415808139798302e-01	2.946777343750000e-02
1952	9.411702437254091e-01	2.936401367187500e-02
1953	9.407370903141848e-01	2.929077148437500e-02
1954	9.415347990728332e-01	2.852783203125000e-02
1955	9.415807317829131e-01	3.058471679687500e-02
1956	9.416207380571273e-01	2.888183593750000e-02
1957	9.425779399531383e-01	2.917480468750000e-02
1958	9.421977491289352e-01	2.919921875000000e-02
1959	9.411405449252457e-01	3.041992187500000e-02
1960	9.410514839080600e-01	2.970581054687500e-02
1961	9.405478452467276e-01	2.943725585937500e-02
1962	9.402638484474264e-01	2.951049804687500e-02
1963	9.403682033344601e-01	2.973632812500000e-02
1964	9.396690251376320e-01	3.001098632812500e-02
1965	9.396540620054171e-01	3.010253906250000e-02
1966	9.394222374619122e-01	2.994995117187500e-02
1967	9.403156839242657e-01	3.086547851562500e-02
1968	9.402656785949840e-01	2.962646484375000e-02
1969	9.409147737288553e-01	2.853393554687500e-02
1970	9.401495801232352e-01	2.934570312500000e-02
1971	9.400965060556666e-01	3.024902343750000e-02
1972	9.408084719163430e-01	2.919921875000000e-02
1973	9.401717197823735e-01	2.921752929687500e-02
1974	9.394424726587886e-01	2.960815429687500e-02
1975	9.394396416361624e-01	2.944335937500000e-02
1976	9.390833801030413e-01	2.961425781250000e-02
1977	9.383305489537506e-01	2.945556640625000e-02
1978	9.381067944516821e-01	3.162231445312500e-02
1979	9.393221554505007e-01	2.988281250000000e-02
1980	9.399094244988220e-01	2.991333007812500e-02
1981	9.395730441570453e-01	2.954711914062500e-02
1982	9.402000610547770e-01	2.918090820312500e-02
1983	9.394785079323250e-01	2.881469726562500e-02
1984	9.395091363729033e-01	2.971801757812500e-02
1985	9.386372411707796e-01	2.968139648437500e-02
1986	9.379475948436440e-01	3.083496093750000e-02
1987	9.382354828627637e-01	2.988281250000000e-02
1988	9.380567056815975e-01	3.024291992187500e-02
1989	9.384067353953641e-01	3.067626953125000e-02
1990	9.387124054634696e-01	3.047485351562500e-02
1991	9.389196472199927e-01	2.949218750000000e-02
1992	9.396885489605625e-01	3.032226562500000e-02
1993	9.393051362182279e-01	3.027954101562500e-02
1994	9.381552032050385e-01	2.980346679687500e-02
1995	9.382325236158162e-01	3.018798828125000e-02
1996	9.382595265059193e-01	3.028564453125000e-02
1997	9.380554277767681e-01	3.050537109375000e-02
1998	9.377543565304975e-01	3.020629882812500e-02
1999	9.377704045664700e-01	3.072509765625000e-02
2000	9.378158084644063e-01	3.094482421875000e-02
2001	9.370877915819186e-01	3.059692382812500e-02
2002	9.377036658690828e-01	3.082275390625000e-02
2003	9.382824379013407e-01	2.986450195312500e-02
2004	9.380960438533598e-01	2.981567382812500e-02
2005	9.371092008968894e-01	3.115844726562500e-02
2006	9.377958597908641e-01	3.042602539062500e-02
2007	9.371152018401815e-01	3.065795898437500e-02
2008	9.374674733190139e-01	3.044433593750000e-02
2009	9.374234222162451e-01	3.129882812500000e-02
2010	9.367134841525310e-01	3.020019531250000e-02
2011	9.361603586264270e-01	3.158569335937500e-02
2012	9.369751099180613e-01	3.076782226562500e-02
2013	9.370527222663839e-01	3.106689453125000e-02
2014	9.370324552492977e-01	3.128662109375000e-02
2015	9.365280254686397e-01	3.062133789062500e-02
2016	9.367685235764158e-01	3.143920898437500e-02
2017	9.363425090706202e-01	3.019409179687500e-02
2018	9.361921641511243e-01	3.013916015625000e-02
2019	9.358983442923791e-01	3.115844726562500e-02
2020	9.354269398927896e-01	3.097534179687500e-02
2021	9.355158850980163e-01	3.126831054687500e-02
2022	9.358908224233774e-01	3.025512695312500e-02
2023	9.353596870696741e-01	3.178100585937500e-02
2024	9.362518573358957e-01	3.110351562500000e-02
2025	9.357206999723736e-01	3.056030273437500e-02
2026	9.346031817349836e-01	3.079833984375000e-02
2027	9.344449382543211e-01	3.209228515625000e-02
2028	9.344595061069719e-01	3.092651367187500e-02
2029	9.340739927963653e-01	3.205566406250000e-02
2030	9.343868301000627e-01	3.166503906250000e-02
2031	9.340888480057087e-01	3.286743164062500e-02
2032	9.334364994783702e-01	3.223876953125000e-02
2033	9.330792243945564e-01	3.245239257812500e-02
2034	9.341899771118304e-01	3.151855468750000e-02
2035	9.338071298345936e-01	3.154907226562500e-02
2036	9.344636989172406e-01	3.241577148437500e-02
2037	9.339590047599176e-01	3.119506835937500e-02
2038	9.339088694294112e-01	3.168945312500000e-02
2039	9.342107682860671e-01	3.113403320312500e-02
2040	9.342480908713945e-01	3.209838867187500e-02
2041	9.344335448919510e-01	3.154296875000000e-02
2042	9.342598750237778e-01	3.168334960937500e-02
2043	9.344914183905778e-01	3.113403320312500e-02
2044	9.341895905722356e-01	3.126831054687500e-02
2045	9.343019854799294e-01	3.114624023437500e-02
2046	9.350404259791140e-01	3.103637695312500e-02
2047	9.346620667868626e-01	3.120727539062500e-02
2048	9.352166051795924e-01	3.095092773437500e-02
2049	9.346702771613060e-01	3.092651367187500e-02
2050	9.347997205074375e-01	3.094482421875000e-02
2051	9.355170992356534e-01	3.098754882812500e-02
2052	9.352031396642819e-01	3.115844726562500e-02
2053	9.342749709382243e-01	3.079223632812500e-02
2054	9.336480217702530e-01	3.148193359375000e-02
2055	9.342456790955816e-01	3.121948242187500e-02
2056	9.342283217879874e-01	3.145141601562500e-02
2057	9.345053551038389e-01	3.134155273437500e-02
2058	9.340088856385099e-01	3.125000000000000e-02
2059	9.337207359128833e-01	3.105468750000000e-02
2060	9.341571682273551e-01	3.172607421875000e-02
2061	9.340925312822774e-01	3.110961914062500e-02
2062	9.337247533403744e-01	3.157348632812500e-02
2063	9.335136749314502e-01	3.133544921875000e-02
2064	9.333205913816921e-01	3.154907226562500e-02
2065	9.332619259680914e-01	3.134155273437500e-02
2066	9.333046843877625e-01	3.159179687500000e-02
2067	9.332438430406870e-01	3.163452148437500e-02
2068	9.332159077857125e-01	3.148193359375000e-02
2069	9.326789881866951e-01	3.151855468750000e-02
2070	9.338275157038010e-01	3.170166015625000e-02
2071	9.340086539706954e-01	3.142089843750000e-02
2072	9.341908481000116e-01	3.129272460937500e-02
2073	9.339830485167967e-01	3.052368164062500e-02
2074	9.324840947250695e-01	3.179931640625000e-02
2075	9.328642175058359e-01	3.050537109375000e-02
2076	9.325825313688645e-01	3.180541992187500e-02
2077	9.320746483719171e-01	3.233642578125000e-02
2078	9.316122347967967e-01	3.173828125000000e-02
2079	9.324686569380138e-01	3.171386718750000e-02
2080	9.320399190506071e-01	3.209228515625000e-02
2081	9.315623546738615e-01	3.143920898437500e-02
2082	9.314886692816732e-01	3.324584960937500e-02
2083	9.318612384289525e-01	3.108520507812500e-02
2084	9.316654638357639e-01	3.246459960937500e-02
2085	9.309174613953455e-01	3.129882812500000e-02
2086	9.322777963699420e-01	3.180541992187500e-02
2087	9.321248789529836e-01	3.182373046875000e-02
2088	9.319998208749837e-01	3.178100585937500e-02
2089	9.320045427727774e-01	3.096313476562500e-02
2090	9.317629042091603e-01	3.189697265625000e-02
2091	9.312667899083414e-01	3.192749023437500e-02
2092	9.309652186853152e-01	3.344116210937500e-02
2093	9.309659745722995e-01	3.179931640625000e-02
2094	9.298921726586563e-01	3.156127929687500e-02
2095	9.306366503274478e-01	3.334350585937500e-02
2096	9.303761059533144e-01	3.240356445312500e-02
2097	9.299394373970499e-01	3.295898437500000e-02
2098	9.302786050828233e-01	3.206787109375000e-02
2099	9.304658975573429e-01	3.178710937500000e-02
2100	9.304460568550860e-01	3.284912109375000e-02
2101	9.311092382010471e-01	3.201293945312500e-02
2102	9.310590452098614e-01	3.135986328125000e-02
2103	9.302379501287122e-01	3.284301757812500e-02
2104	9.293471981040097e-01	3.280029296875000e-02
2105	9.302217562661831e-01	3.286743164062500e-02
2106	9.300663303192244e-01	3.209838867187500e-02
2107	9.303605787701358e-01	3.216552734375000e-02
2108	9.300134847111748e-01	3.169555664062500e-02
2109	9.296917653805767e-01	3.222045898437500e-02
2110	9.299208133206373e-01	3.190307617187500e-02
2111	9.293339068183153e-01	3.261718750000000e-02
2112	9.298086112022297e-01	3.241577148437500e-02
2113	9.290872135902858e-01	3.266601562500000e-02
2114	9.286955878682562e-01	3.244018554687500e-02
2115	9.270969919537134e-01	3.312988281250000e-02
2116	9.281031281816081e-01	3.344726562500000e-02
2117	9.280083041321721e-01	3.267822265625000e-02
2118	9.282378749910101e-01	3.383178710937500e-02
2119	9.289997181821673e-01	3.308105468750000e-02
2120	9.289723450378053e-01	3.265991210937500e-02
2121	9.300453391994717e-01	3.237915039062500e-02
2122	9.305153706448279e-01	3.173217773437500e-02
2123	9.294189920208870e-01	3.264160156250000e-02
2124	9.297115410327065e-01	3.231201171875000e-02
2125	9.293482714069429e-01	3.274536132812500e-02
2126	9.296419728736836e-01	3.280029296875000e-02
2127	9.288423862239016e-01	3.253784179687500e-02
2128	9.288554037742868e-01	3.310546875000000e-02
2129	9.275028353762003e-01	3.424682617187500e-02
2130	9.285007948538234e-01	3.338623046875000e-02
2131	9.292650222664284e-01	3.242797851562500e-02
2132	9.290948947951376e-01	3.143310546875000e-02
2133	9.286793317489964e-01	3.236083984375000e-02
2134	9.285238010875300e-01	3.200683593750000e-02
2135	9.284042576531902e-01	3.323974609375000e-02
2136	9.278604374507893e-01	3.272705078125000e-02
2137	9.284013334530964e-01	3.330688476562500e-02
2138	9.283528738976915e-01	3.348999023437500e-02
2139	9.281998830797226e-01	3.236694335937500e-02
2140	9.274082381951644e-01	3.204345703125000e-02
2141	9.269097693492320e-01	3.356933593750000e-02
2142	9.278401385017933e-01	3.346557617187500e-02
2143	9.273763095101509e-01	3.287963867187500e-02
2144	9.272058946814475e-01	3.274536132812500e-02
2145	9.267413128184551e-01	3.344116210937500e-02
2146	9.270811637320270e-01	3.371582031250000e-02
2147	9.272332202797395e-01	3.366088867187500e-02
2148	9.278071065473749e-01	3.326416015625000e-02
2149	9.273763834839436e-01	3.282470703125000e-02
2150	9.268414495556309e-01	3.219604492187500e-02
2151	9.267872331870185e-01	3.350219726562500e-02
2152	9.270461144912927e-01	3.309936523437500e-02
2153	9.270568526558381e-01	3.275146484375000e-02
2154	9.266064435250322e-01	3.333740234375000e-02
2155	9.271586548952925e-01	3.199462890625000e-02
2156	9.263770523238053e-01	3.302612304687500e-02
2157	9.259657561532952e-01	3.386230468750000e-02
2158	9.260661771300467e-01	3.311157226562500e-02
2159	9.254472594138349e-01	3.407592773437500e-02
2160	9.260738160601183e-01	3.313598632812500e-02
2161	9.264379165500259e-01	3.354492187500000e-02
2162	9.261645581248761e-01	3.229370117187500e-02
2163	9.259103416509163e-01	3.408813476562500e-02
2164	9.263541400858260e-01	3.318481445312500e-02
2165	9.252284178020598e-01	3.441772460937500e-02
2166	9.261169390089879e-01	3.245849609375000e-02
2167	9.258303432191467e-01	3.388671875000000e-02
2168	9.251437065140790e-01	3.416137695312500e-02
2169	9.254174632287470e-01	3.420410156250000e-02
2170	9.254967524573995e-01	3.388061523437500e-02
2171	9.253761630388606e-01	3.349609375000000e-02
2172	9.250464178986899e-01	3.298339843750000e-02
2173	9.237280303009406e-01	3.295288085937500e-02
2174	9.234335785741140e-01	3.446044921875000e-02
2175	9.227149318826869e-01	3.433227539062500e-02
2176	9.226233609965412e-01	3.407592773437500e-02
2177	9.228300826539457e-01	3.513183593750000e-02
2178	9.241532126177533e-01	3.438110351562500e-02
2179	9.240493024647253e-01	3.428344726562500e-02
2180	9.233442508248991e-01	3.458251953125000e-02
2181	9.236053279495086e-01	3.447265625000000e-02
2182	9.229432191688995e-01	3.505859375000000e-02
2183	9.224083225777133e-01	3.507690429687500e-02
2184	9.227257536472515e-01	3.511962890625000e-02
2185	9.232901661598766e-01	3.535766601562500e-02
2186	9.227331187293339e-01	3.447875976562500e-02
2187	9.228202175367719e-01	3.428955078125000e-02
2188	9.232860466020162e-01	3.410644531250000e-02
2189	9.229110770793852e-01	3.458862304687500e-02
2190	9.231399452867256e-01	3.552246093750000e-02
2191	9.227030245877543e-01	3.442993164062500e-02
2192	9.225689614855438e-01	3.374633789062500e-02
2193	9.223197358358254e-01	3.413696289062500e-02
2194	9.217754698505858e-01	3.476562500000000e-02
2195	9.215516815933446e-01	3.590698242187500e-02
2196	9.231430414079006e-01	3.413696289062500e-02
2197	9.214661895414059e-01	3.496704101562500e-02
2198	9.212876605329424e-01	3.465576171875000e-02
2199	9.216738290117328e-01	3.482055664062500e-02
2200	9.212400145148258e-01	3.460083007812500e-02
2201	9.214394453815959e-01	3.516235351562500e-02
2202	9.208869738883929e-01	3.548583984375000e-02
2203	9.223495933337301e-01	3.397827148437500e-02
2204	9.212394038700361e-01	3.385009765625000e-02
2205	9.217102985122266e-01	3.488159179687500e-02
2206	9.209932317906526e-01	3.516235351562500e-02
2207	9.212531274946011e-01	3.544921875000000e-02
2208	9.211028675994340e-01	3.511352539062500e-02
2209	9.204509081539478e-01	3.571777343750000e-02
2210	9.207459051567971e-01	3.518676757812500e-02
2211	9.211604267103678e-01	3.576049804687500e-02
2212	9.211098321993575e-01	3.441772460937500e-02
2213	9.209835368742706e-01	3.425903320312500e-02
2214	9.205080287434311e-01	3.591308593750000e-02
2215	9.213644223053827e-01	3.444213867187500e-02
2216	9.204287689540208e-01	3.373413085937500e-02
2217	9.204371842994766e-01	3.494873046875000e-02
2218	9.206097638411289e-01	3.472900390625000e-02
2219	9.215738602259812e-01	3.471069335937500e-02
2220	9.210484080543782e-01	3.385009765625000e-02
2221	9.201907481160202e-01	3.455810546875000e-02
2222	9.203285416758787e-01	3.505859375000000e-02
2223	9.200664034070890e-01	3.511352539062500e-02
2224	9.188880097650269e-01	3.489379882812500e-02
2225	9.191643621750618e-01	3.623046875000000e-02
2226	9.191786785035476e-01	3.625488281250000e-02
2227	9.199501695861740e-01	3.382568359375000e-02
2228	9.201269171473897e-01	3.491210937500000e-02
2229	9.197668095668181e-01	3.482055664062500e-02
2230	9.197506313015772e-01	3.425903320312500e-02
2231	9.197469563911168e-01	3.562011718750000e-02
2232	9.191021465076621e-01	3.464965820312500e-02
2233	9.194251078588657e-01	3.480834960937500e-02
2234	9.189762893444556e-01	3.581542968750000e-02
2235	9.203057198933621e-01	3.502807617187500e-02
2236	9.189432921762956e-01	3.500366210937500e-02
2237	9.192376395210089e-01	3.510131835937500e-02
2238	9.194843549330650e-01	3.465576171875000e-02
2239	9.192039978638263e-01	3.461303710937500e-02
2240	9.187077165292284e-01	3.588256835937500e-02
2241	9.189785879916563e-01	3.629760742187500e-02
2242	9.181025373567394e-01	3.535156250000000e-02
2243	9.189764346725658e-01	3.619995117187500e-02
2244	9.176234978353207e-01	3.576049804687500e-02
2245	9.179680653219376e-01	3.630981445312500e-02
2246	9.176493478946411e-01	3.670043945312500e-02
2247	9.177979463359072e-01	3.518676757812500e-02
2248	9.177614212603341e-01	3.576660156250000e-02
2249	9.176717924346246e-01	3.588867187500000e-02
2250	9.167406912878288e-01	3.629150390625000e-02
2251	9.173258659865787e-01	3.620605468750000e-02
2252	9.166996641826645e-01	3.538818359375000e-02
2253	9.162616243641581e-01	3.728637695312500e-02
2254	9.173600795996363e-01	3.595581054687500e-02
2255	9.170921257030362e-01	3.636474609375000e-02
2256	9.173481755619094e-01	3.553466796875000e-02
2257	9.176088531649734e-01	3.521728515625000e-02
2258	9.181396824101541e-01	3.489990234375000e-02
2259	9.171857519186996e-01	3.569946289062500e-02
2260	9.174164785789216e-01	3.596191406250000e-02
2261	9.170362026825805e-01	3.585815429687500e-02
2262	9.172031706791385e-01	3.638916015625000e-02
2263	9.176857769119655e-01	3.568115234375000e-02
2264	9.172417618183761e-01	3.494262695312500e-02
2265	9.164557812625903e-01	3.557739257812500e-02
2266	9.161905809973699e-01	3.690185546875000e-02
2267	9.164867741841184e-01	3.622436523437500e-02
2268	9.166375996979679e-01	3.530273437500000e-02
2269	9.168799413965917e-01	3.618774414062500e-02
2270	9.174456588842950e-01	3.554687500000000e-02
2271	9.174459286825617e-01	3.416748046875000e-02
2272	9.163638983200824e-01	3.568725585937500e-02
2273	9.165682556038516e-01	3.516845703125000e-02
2274	9.175777121939114e-01	3.559570312500000e-02
2275	9.167367522064257e-01	3.480224609375000e-02
2276	9.172399840472493e-01	3.526000976562500e-02
2277	9.163754191202811e-01	3.563842773437500e-02
2278	9.160156591505241e-01	3.661499023437500e-02
2279	9.163644749022924e-01	3.586425781250000e-02
2280	9.158242460048341e-01	3.521118164062500e-02
2281	9.150923207740816e-01	3.631591796875000e-02
2282	9.157278727972731e-01	3.644409179687500e-02
2283	9.162443911174386e-01	3.552856445312500e-02
2284	9.153718241153569e-01	3.594970703125000e-02
2285	9.154181056596516e-01	3.563842773437500e-02
2286	9.150719833293864e-01	3.496093750000000e-02
2287	9.145230610120411e-01	3.623046875000000e-02
2288	9.147372979803814e-01	3.585815429687500e-02
2289	9.151762533226214e-01	3.605346679687500e-02
2290	9.148672727882287e-01	3.552246093750000e-02
2291	9.140183136655801e-01	3.593750000000000e-02
2292	9.140785685909528e-01	3.663330078125000e-02
2293	9.137103736029295e-01	3.699340820312500e-02
2294	9.145365519934311e-01	3.742065429687500e-02
2295	9.142242480594160e-01	3.604125976562500e-02
2296	9.149357072864214e-01	3.593750000000000e-02
2297	9.147548569167726e-01	3.663940429687500e-02
2298	9.148106972680979e-01	3.637695312500000e-02
2299	9.153107707439276e-01	3.527832031250000e-02
2300	9.147748468914877e-01	3.641357421875000e-02
2301	9.147184523051585e-01	3.574218750000000e-02
2302	9.147946452728223e-01	3.641357421875000e-02
2303	9.148506785790280e-01	3.627319335937500e-02
2304	9.146615615063732e-01	3.623046875000000e-02
2305	9.140639425045768e-01	3.576049804687500e-02
2306	9.148156479841675e-01	3.720703125000000e-02
2307	9.154545472284177e-01	3.632812500000000e-02
2308	9.152558808544248e-01	3.567504882812500e-02
2309	9.157647347834263e-01	3.590698242187500e-02
2310	9.154337328974066e-01	3.552246093750000e-02
2311	9.146729775490999e-01	3.643188476562500e-02
2312	9.146358140655116e-01	3.598022460937500e-02
2313	9.144577931266279e-01	3.596191406250000e-02
2314	9.141288875201746e-01	3.672485351562500e-02
2315	9.137838208416059e-01	3.717041015625000e-02
2316	9.134752674870121e-01	3.639526367187500e-02
2317	9.137165794401146e-01	3.706665039062500e-02
2318	9.129207222598003e-01	3.656005859375000e-02
2319	9.125871674734419e-01	3.571777343750000e-02
2320	9.130273325837334e-01	3.767089843750000e-02
2321	9.126021810880691e-01	3.689575195312500e-02
2322	9.129562374274544e-01	3.726806640625000e-02
2323	9.132657916955012e-01	3.630371093750000e-02
2324	9.134235550860387e-01	3.607177734375000e-02
2325	9.127762342757074e-01	3.599243164062500e-02
2326	9.129666372849498e-01	3.643188476562500e-02
2327	9.138297925800104e-01	3.699340820312500e-02
2328	9.130650636155382e-01	3.694458007812500e-02
2329	9.132552023401380e-01	3.754882812500000e-02
2330	9.130276195988952e-01	3.675537109375000e-02
2331	9.123128385061677e-01	3.704833984375000e-02
2332	9.121392802171081e-01	3.671264648437500e-02
2333	9.121092039749472e-01	3.720703125000000e-02
2334	9.124740072571821e-01	3.707885742187500e-02
2335	9.133880748661305e-01	3.694458007812500e-02
2336	9.131844630015568e-01	3.742675781250000e-02
2337	9.125132431969759e-01	3.660888671875000e-02
2338	9.123530582642231e-01	3.646850585937500e-02
2339	9.125354204816509e-01	3.625488281250000e-02
2340	9.118082136474838e-01	3.648681640625000e-02
2341	9.117119542585180e-01	3.721313476562500e-02
2342	9.120386927042308e-01	3.696899414062500e-02
2343	9.122585805515632e-01	3.731079101562500e-02
2344	9.116230259669599e-01	3.704223632812500e-02
2345	9.109418199141718e-01	3.717651367187500e-02
2346	9.107726120530270e-01	3.739624023437500e-02
2347	9.114044425077155e-01	3.679199218750000e-02
2348	9.112491149844445e-01	3.778076171875000e-02
2349	9.122958070342880e-01	3.626708984375000e-02
2350	9.122846684467971e-01	3.654785156250000e-02
2351	9.116498837408277e-01	3.624877929687500e-02
2352	9.119270240470954e-01	3.757934570312500e-02
2353	9.118258272248472e-01	3.634033203125000e-02
2354	9.121664394178558e-01	3.769531250000000e-02
2355	9.107299568637756e-01	3.762817382812500e-02
2356	9.101326331077334e-01	3.809204101562500e-02
2357	9.103405002802961e-01	3.749389648437500e-02
2358	9.112408117189789e-01	3.712158203125000e-02
2359	9.111918075882331e-01	3.694458007812500e-02
2360	9.107070884349991e-01	3.739013671875000e-02
2361	9.109398682936254e-01	3.720092773437500e-02
2362	9.111743950920935e-01	3.767089843750000e-02
2363	9.110598099235830e-01	3.757934570312500e-02
2364	9.111180110949607e-01	3.688354492187500e-02
2365	9.107784615679156e-01	3.699951171875000e-02
2366	9.108819550686583e-01	3.699951171875000e-02
2367	9.105146455232996e-01	3.758544921875000e-02
2368	9.119419390787233e-01	3.687133789062500e-02
2369	9.120397471862276e-01	3.659667968750000e-02
2370	9.113250488078020e-01	3.733520507812500e-02
2371	9.111268643736504e-01	3.688354492187500e-02
2372	9.110345393766693e-01	3.699340820312500e-02
2373	9.114753169814097e-01	3.732910156250000e-02
2374	9.105356222000442e-01	3.737182617187500e-02
2375	9.099441650411099e-01	3.793334960937500e-02
2376	9.112094206771492e-01	3.792724609375000e-02
2377	9.109960636547584e-01	3.666381835937500e-02
2378	9.108133715461387e-01	3.709106445312500e-02
2379	9.114955905848442e-01	3.702392578125000e-02
2380	9.106654587747444e-01	3.742065429687500e-02
2381	9.111595356633991e-01	3.644409179687500e-02
2382	9.108016073458539e-01	3.623657226562500e-02
2383	9.104324579322269e-01	3.740234375000000e-02
2384	9.109264121854922e-01	3.758544921875000e-02
2385	9.107753340109758e-01	3.703002929687500e-02
2386	9.112572977123879e-01	3.706665039062500e-02
2387	9.117040328442996e-01	3.680419921875000e-02
2388	9.123268167817314e-01	3.501586914062500e-02
2389	9.100002047574606e-01	3.675537109375000e-02
2390	9.100670625929759e-01	3.736572265625000e-02
2391	9.097054606447590e-01	3.760986328125000e-02
2392	9.104312313844779e-01	3.781738281250000e-02
2393	9.112032007979877e-01	3.726806640625000e-02
2394	9.113357723674751e-01	3.684692382812500e-02
2395	9.108887182843649e-01	3.640136718750000e-02
2396	9.098880300117834e-01	3.798217773437500e-02
2397	9.108388685661369e-01	3.698730468750000e-02
2398	9.108778494083221e-01	3.767700195312500e-02
2399	9.104133236769258e-01	3.762207031250000e-02
2400	9.112026304771975e-01	3.655395507812500e-02
2401	9.109664604676045e-01	3.599853515625000e-02
2402	9.102417984524798e-01	3.659667968750000e-02
2403	9.113074470675513e-01	3.699340820312500e-02
2404	9.111387739253862e-01	3.702392578125000e-02
2405	9.108679977974176e-01	3.779296875000000e-02
2406	9.098528796481861e-01	3.817749023437500e-02
2407	9.111895571677731e-01	3.724975585937500e-02
2408	9.111895479812461e-01	3.721313476562500e-02
2409	9.113026141680599e-01	3.656616210937500e-02
2410	9.105582732606283e-01	3.652954101562500e-02
2411	9.112344471421768e-01	3.684692382812500e-02
2412	9.109912107953163e-01	3.731689453125000e-02
2413	9.105144105564914e-01	3.720092773437500e-02
2414	9.112365541362569e-01	3.694458007812500e-02
2415	9.102447551085163e-01	3.692626953125000e-02
2416	9.103050011899545e-01	3.808593750000000e-02
2417	9.103087413889549e-01	3.746948242187500e-02
2418	9.101141734019370e-01	3.760986328125000e-02
2419	9.102676645623275e-01	3.715209960937500e-02
2420	9.094166217756460e-01	3.721313476562500e-02
2421	9.102084367038770e-01	3.666992187500000e-02
2422	9.107631941224178e-01	3.788452148437500e-02
2423	9.107444851902722e-01	3.713989257812500e-02
2424	9.109124131462408e-01	3.646240234375000e-02
2425	9.106352286809517e-01	3.674316406250000e-02
2426	9.108527354180364e-01	3.718872070312500e-02
2427	9.102808330769517e-01	3.814697265625000e-02
2428	9.095313631401978e-01	3.662109375000000e-02
2429	9.106204069512964e-01	3.697509765625000e-02
2430	9.109727760377565e-01	3.657226562500000e-02
2431	9.099964599181055e-01	3.595581054687500e-02
2432	9.100772844669317e-01	3.819580078125000e-02
2433	9.105008654952048e-01	3.731079101562500e-02
2434	9.098785476740864e-01	3.708496093750000e-02
2435	9.096340968274462e-01	3.754882812500000e-02
2436	9.104332452739093e-01	3.801879882812500e-02
2437	9.101020426401799e-01	3.760986328125000e-02
2438	9.095996064340045e-01	3.735961914062500e-02
2439	9.096082379415790e-01	3.825683593750000e-02
2440	9.098157299703669e-01	3.757934570312500e-02
2441	9.102448739866599e-01	3.774414062500000e-02
2442	9.094394520619914e-01	3.737182617187500e-02
2443	9.099456791982335e-01	3.751831054687500e-02
2444	9.096828358009512e-01	3.721923828125000e-02
2445	9.096402635255482e-01	3.839721679687500e-02
2446	9.094807366532249e-01	3.826293945312500e-02
2447	9.087061210484597e-01	3.781738281250000e-02
2448	9.086084622024369e-01	3.768310546875000e-02
2449	9.095020421181790e-01	3.754272460937500e-02
2450	9.088885366842492e-01	3.740234375000000e-02
2451	9.091737355126234e-01	3.801269531250000e-02
2452	9.086873897504953e-01	3.806152343750000e-02
2453	9.081143146089157e-01	3.937377929687500e-02
2454	9.097230858084763e-01	3.688964843750000e-02
2455	9.095962126360356e-01	3.738403320312500e-02
2456	9.097863509969982e-01	3.767700195312500e-02
2457	9.100204253391317e-01	3.677978515625000e-02
2458	9.099155192084377e-01	3.723754882812500e-02
2459	9.095762653848475e-01	3.764648437500000e-02
2460	9.082467698773558e-01	3.860473632812500e-02
2461	9.101177256527840e-01	3.767700195312500e-02
2462	9.108288840887226e-01	3.675537109375000e-02
2463	9.110228032042600e-01	3.664550781250000e-02
2464	9.107139980801087e-01	3.626708984375000e-02
2465	9.099780467259507e-01	3.689575195312500e-02
2466	9.102465941621350e-01	3.640136718750000e-02
2467	9.109158660525963e-01	3.662719726562500e-02
2468	9.110098372182081e-01	3.575439453125000e-02
2469	9.108574579522822e-01	3.630981445312500e-02
2470	9.111045921041167e-01	3.650512695312500e-02
2471	9.105449654162010e-01	3.707275390625000e-02
2472	9.101889156154100e-01	3.623046875000000e-02
2473	9.093145423242106e-01	3.733520507812500e-02
2474	9.091402005539487e-01	3.731689453125000e-02
2475	9.095173174714953e-01	3.763427734375000e-02
2476	9.105761641151222e-01	3.697509765625000e-02
2477	9.098241784056004e-01	3.668823242187500e-02
2478	9.100420804198445e-01	3.638305664062500e-02
2479	9.106434575774577e-01	3.707275390625000e-02
2480	9.099763829732321e-01	3.796997070312500e-02
2481	9.100870259799332e-01	3.802490234375000e-02
2482	9.093143178780873e-01	3.811035156250000e-02
2483	9.096009091670126e-01	3.750610351562500e-02
2484	9.097690790986480e-01	3.677368164062500e-02
2485	9.097431327022715e-01	3.624877929687500e-02
2486	9.098358495737319e-01	3.742065429687500e-02
2487	9.098622664942787e-01	3.651733398437500e-02
2488	9.092481255753424e-01	3.814086914062500e-02
2489	9.095604743615824e-01	3.860473632812500e-02
2490	9.099704007745758e-01	3.677368164062500e-02
2491	9.101065659851586e-01	3.792724609375000e-02
2492	9.102233706824330e-01	3.681640625000000e-02
2493	9.095948201813319e-01	3.596191406250000e-02
2494	9.096889717658824e-01	3.757934570312500e-02
2495	9.102874957134325e-01	3.703002929687500e-02
2496	9.098659172656145e-01	3.686523437500000e-02
2497	9.097962922844425e-01	3.690795898437500e-02
2498	9.101505348073263e-01	3.746337890625000e-02
2499	9.098742731665835e-01	3.617553710937500e-02
2500	9.107540954759572e-01	3.550415039062500e-02
2501	9.097102624775460e-01	3.732299804687500e-02
2502	9.087677784440672e-01	3.794555664062500e-02
2503	9.095452686491230e-01	3.709106445312500e-02
2504	9.094915703874543e-01	3.707275390625000e-02
2505	9.108439691021251e-01	3.616333007812500e-02
2506	9.096502391740690e-01	3.600463867187500e-02
2507	9.092631883396131e-01	3.606567382812500e-02
2508	9.095034922718438e-01	3.746948242187500e-02
2509	9.099817695867337e-01	3.826904296875000e-02
2510	9.100134386270463e-01	3.713989257812500e-02
2511	9.100448454393062e-01	3.591918945312500e-02
2512	9.098641891340770e-01	3.822631835937500e-02
2513	9.098566487098431e-01	3.710937500000000e-02
2514	9.098046585123462e-01	3.771362304687500e-02
2515	9.108616313984045e-01	3.626098632812500e-02
2516	9.106656297718813e-01	3.625488281250000e-02
2517	9.105331484827905e-01	3.634643554687500e-02
2518	9.114168267198171e-01	3.634033203125000e-02
2519	9.106060561089842e-01	3.661499023437500e-02
2520	9.102005343282017e-01	3.668212890625000e-02
2521	9.105201334985545e-01	3.638305664062500e-02
2522	9.105025306662070e-01	3.625488281250000e-02
2523	9.117609310411221e-01	3.663940429687500e-02
2524	9.107962908279456e-01	3.588867187500000e-02
2525	9.106463007082007e-01	3.645629882812500e-02
2526	9.103711655027485e-01	3.630371093750000e-02
2527	9.104018277992029e-01	3.630371093750000e-02
2528	9.101435664931148e-01	3.789672851562500e-02
2529	9.098654890912345e-01	3.685302734375000e-02
2530	9.105166961107077e-01	3.647460937500000e-02
2531	9.095420302300857e-01	3.745727539062500e-02
2532	9.096671660837085e-01	3.773803710937500e-02
2533	9.103062107048451e-01	3.690185546875000e-02
2534	9.095250226032813e-01	3.666381835937500e-02
2535	9.091816078998459e-01	3.724975585937500e-02
2536	9.087922780681758e-01	3.876342773437500e-02
2537	9.096073414052199e-01	3.804931640625000e-02
2538	9.108408437587475e-01	3.715820312500000e-02
2539	9.109502470440470e-01	3.525390625000000e-02
2540	9.106243614161659e-01	3.650512695312500e-02
2541	9.102898022430326e-01	3.604125976562500e-02
2542	9.104793258459277e-01	3.723144531250000e-02
2543	9.107921408927234e-01	3.670654296875000e-02
2544	9.104251045871391e-01	3.664550781250000e-02
2545	9.109058750340061e-01	3.590698242187500e-02
2546	9.094459891974815e-01	3.707885742187500e-02
2547	9.102641457136279e-01	3.751831054687500e-02
2548	9.104255080661607e-01	3.683471679687500e-02
2549	9.094590873972180e-01	3.703613281250000e-02
2550	9.101671798912710e-01	3.713989257812500e-02
2551	9.093681580071032e-01	3.691406250000000e-02
2552	9.093512334658405e-01	3.790893554687500e-02
2553	9.108582088039553e-01	3.666381835937500e-02
2554	9.102111288192164e-01	3.743286132812500e-02
2555	9.105472936835701e-01	3.724365234375000e-02
2556	9.107088866119923e-01	3.624877929687500e-02
2557	9.108843780003183e-01	3.613891601562500e-02
2558	9.108508215522968e-01	3.574829101562500e-02
2559	9.101573641768028e-01	3.513793945312500e-02
2560	9.102944084093783e-01	3.688354492187500e-02
2561	9.105165548581753e-01	3.601684570312500e-02
2562	9.109093742810263e-01	3.627929687500000e-02
2563	9.106499792574717e-01	3.729858398437500e-02
2564	9.103923111450687e-01	3.661499023437500e-02
2565	9.106182177312886e-01	3.707275390625000e-02
2566	9.103333860297940e-01	3.571166992187500e-02
2567	9.102584618681099e-01	3.706054687500000e-02
2568	9.103596761143314e-01	3.588867187500000e-02
2569	9.101933970222746e-01	3.682861328125000e-02
2570	9.104436577842830e-01	3.658447265625000e-02
2571	9.106941920604678e-01	3.668823242187500e-02
2572	9.109593108596963e-01	3.735351562500000e-02
2573	9.100702642629134e-01	3.739624023437500e-02
2574	9.103155935670805e-01	3.641357421875000e-02
2575	9.102512147143643e-01	3.749389648437500e-02
2576	9.104117360340268e-01	3.635864257812500e-02
2577	9.098099561250407e-01	3.696289062500000e-02
2578	9.094172627960587e-01	3.613891601562500e-02
2579	9.092754415770296e-01	3.781738281250000e-02
2580	9.090404903834789e-01	3.713378906250000e-02
2581	9.093212559266796e-01	3.729248046875000e-02
2582	9.107796382184929e-01	3.679199218750000e-02
2583	9.094448312878688e-01	3.687133789062500e-02
2584	9.090595623398663e-01	3.778076171875000e-02
2585	9.098364639057754e-01	3.797607421875000e-02
2586	9.098578625225051e-01	3.695678710937500e-02
2587	9.100485406792070e-01	3.690795898437500e-02
2588	9.103500931423066e-01	3.746948242187500e-02
2589	9.097383352854586e-01	3.757934570312500e-02
2590	9.096039354198631e-01	3.695678710937500e-02
2591	9.105449416201297e-01	3.688964843750000e-02
2592	9.108457556115775e-01	3.747558593750000e-02
2593	9.109120251142069e-01	3.641357421875000e-02
2594	9.104916015586447e-01	3.572387695312500e-02
2595	9.100279657578233e-01	3.701171875000000e-02
2596	9.104262123156696e-01	3.707275390625000e-02
2597	9.094183587830797e-01	3.707885742187500e-02
2598	9.095525700965149e-01	3.761596679687500e-02
2599	9.090737060641286e-01	3.775634765625000e-02
2600	9.089812451487345e-01	3.732910156250000e-02
2601	9.086422087319753e-01	3.715820312500000e-02
2602	9.087457578807211e-01	3.736572265625000e-02
2603	9.092841618820245e-01	3.786621093750000e-02
2604	9.093868206131527e-01	3.691406250000000e-02
2605	9.094861524493711e-01	3.767089843750000e-02
2606	9.086581178737237e-01	3.682861328125000e-02
2607	9.092201898802683e-01	3.632812500000000e-02
2608	9.090224607396720e-01	3.744506835937500e-02
2609	9.098468042370453e-01	3.604736328125000e-02
2610	9.098349767895705e-01	3.639526367187500e-02
2611	9.092497719659267e-01	3.713378906250000e-02
2612	9.104543407352499e-01	3.728027343750000e-02
2613	9.096888435358950e-01	3.728637695312500e-02
2614	9.096230455759055e-01	3.667602539062500e-02
2615	9.103195977778897e-01	3.695678710937500e-02
2616	9.104748463044308e-01	3.729858398437500e-02
2617	9.103823815581152e-01	3.686523437500000e-02
2618	9.104247544891604e-01	3.725585937500000e-02
2619	9.112306366368935e-01	3.638305664062500e-02
2620	9.106670763111958e-01	3.635253906250000e-02
2621	9.109199988301954e-01	3.652954101562500e-02
2622	9.105211125661744e-01	3.605957031250000e-02
2623	9.108830599975214e-01	3.717041015625000e-02
2624	9.106755688940784e-01	3.726806640625000e-02
2625	9.109967608703688e-01	3.574829101562500e-02
2626	9.121083296578365e-01	3.670654296875000e-02
2627	9.117444322887782e-01	3.536376953125000e-02
2628	9.123308512580710e-01	3.579711914062500e-02
2629	9.113914197433908e-01	3.560791015625000e-02
2630	9.116543142553768e-01	3.602294921875000e-02
2631	9.121233828929677e-01	3.572998046875000e-02
2632	9.115699420839477e-01	3.598632812500000e-02
2633	9.111385153403946e-01	3.639526367187500e-02
2634	9.108611191031205e-01	3.605346679687500e-02
2635	9.111717196314096e-01	3.630981445312500e-02
2636	9.104202802263631e-01	3.657226562500000e-02
2637	9.102212343273730e-01	3.749389648437500e-02
2638	9.108941437958317e-01	3.673095703125000e-02
2639	9.101365018537781e-01	3.545532226562500e-02
2640	9.103125768600447e-01	3.716430664062500e-02
2641	9.093752149155642e-01	3.663940429687500e-02
2642	9.091794497493749e-01	3.767089843750000e-02
2643	9.094688951113125e-01	3.682861328125000e-02
2644	9.101839628251818e-01	3.668823242187500e-02
2645	9.097568420069816e-01	3.720703125000000e-02
2646	9.102900784336224e-01	3.698120117187500e-02
2647	9.101419619737140e-01	3.786010742187500e-02
2648	9.104010124713334e-01	3.692626953125000e-02
2649	9.094622179667241e-01	3.668823242187500e-02
2650	9.096997520330842e-01	3.809814453125000e-02
2651	9.094688271220308e-01	3.754272460937500e-02
2652	9.096907221689987e-01	3.642578125000000e-02
2653	9.098754553054161e-01	3.704833984375000e-02
2654	9.096218190399088e-01	3.751831054687500e-02
2655	9.100729423182662e-01	3.704223632812500e-02
2656	9.110511824394375e-01	3.713378906250000e-02
2657	9.101483261278602e-01	3.707275390625000e-02
2658	9.099295737481227e-01	3.726806640625000e-02
2659	9.091439027675589e-01	3.782958984375000e-02
2660	9.095069735997409e-01	3.740234375000000e-02
2661	9.098254185137842e-01	3.678588867187500e-02
2662	9.096221333757134e-01	3.621826171875000e-02
2663	9.095919052239965e-01	3.717041015625000e-02
2664	9.101516909482137e-01	3.726196289062500e-02
2665	9.099062130510909e-01	3.706054687500000e-02
2666	9.106491045555960e-01	3.612060546875000e-02
2667	9.105284001581939e-01	3.683471679687500e-02
2668	9.098958779407358e-01	3.645019531250000e-02
2669	9.100284485261492e-01	3.610839843750000e-02
2670	9.105210076852456e-01	3.614501953125000e-02
2671	9.100660970934459e-01	3.662109375000000e-02
2672	9.100110319574481e-01	3.720703125000000e-02
2673	9.104826818108358e-01	3.776245117187500e-02
2674	9.104618693291130e-01	3.663940429687500e-02
2675	9.108387625913775e-01	3.712158203125000e-02
2676	9.106276363939432e-01	3.563232421875000e-02
2677	9.107651830854242e-01	3.618164062500000e-02
2678	9.099428711706260e-01	3.682861328125000e-02
2679	9.112867854892599e-01	3.670654296875000e-02
2680	9.104369674926005e-01	3.526000976562500e-02
2681	9.099935403644929e-01	3.695068359375000e-02
2682	9.095443120255439e-01	3.685913085937500e-02
2683	9.095112345538241e-01	3.699340820312500e-02
2684	9.095077094879308e-01	3.715209960937500e-02
2685	9.092569813605742e-01	3.720092773437500e-02
2686	9.098671358703001e-01	3.629760742187500e-02
2687	9.108452237810513e-01	3.678588867187500e-02
2688	9.109832320002899e-01	3.516845703125000e-02
2689	9.104244293762925e-01	3.673706054687500e-02
2690	9.099716090578839e-01	3.743286132812500e-02
2691	9.107370711011195e-01	3.620605468750000e-02
2692	9.103580323380259e-01	3.637695312500000e-02
2693	9.099368361753190e-01	3.627929687500000e-02
2694	9.101539262706501e-01	3.699951171875000e-02
2695	9.108778482055163e-01	3.635253906250000e-02
2696	9.101563852982055e-01	3.662719726562500e-02
2697	9.103544962216947e-01	3.710327148437500e-02
2698	9.099288248580435e-01	3.707275390625000e-02
2699	9.093984977970284e-01	3.699951171875000e-02
2700	9.101322429904145e-01	3.639526367187500e-02
2701	9.108492357983505e-01	3.713989257812500e-02
2702	9.109997451211029e-01	3.672485351562500e-02
2703	9.106529122109585e-01	3.646240234375000e-02
2704	9.105493948433510e-01	3.616333007812500e-02
2705	9.108824403902059e-01	3.656616210937500e-02
2706	9.100043533959958e-01	3.685302734375000e-02
2707	9.100858144813272e-01	3.688964843750000e-02
2708	9.100925187031986e-01	3.645629882812500e-02
2709	9.098291310287223e-01	3.640136718750000e-02
2710	9.091567473050305e-01	3.778686523437500e-02
2711	9.092480621388268e-01	3.761596679687500e-02
2712	9.088330975386177e-01	3.767089843750000e-02
2713	9.105062342346771e-01	3.657226562500000e-02
2714	9.108295377353134e-01	3.638916015625000e-02
2715	9.106337091760852e-01	3.706054687500000e-02
2716	9.110522261703969e-01	3.498535156250000e-02
2717	9.099946116645192e-01	3.634033203125000e-02
2718	9.099999013020423e-01	3.793945312500000e-02
2719	9.108942083128709e-01	3.732910156250000e-02
2720	9.110136577245623e-01	3.625488281250000e-02
2721	9.097568213406141e-01	3.613281250000000e-02
2722	9.099617635650642e-01	3.720703125000000e-02
2723	9.098945860128547e-01	3.674926757812500e-02
2724	9.103208564002441e-01	3.684082031250000e-02
2725	9.102414108851385e-01	3.619384765625000e-02
2726	9.098169044168615e-01	3.740234375000000e-02
2727	9.097780034998885e-01	3.767089843750000e-02
2728	9.093314491878832e-01	3.659057617187500e-02
2729	9.103407653136192e-01	3.582153320312500e-02
2730	9.098452707847847e-01	3.699951171875000e-02
2731	9.093753114725819e-01	3.796997070312500e-02
2732	9.106817174288736e-01	3.634643554687500e-02
2733	9.105063317060722e-01	3.615722656250000e-02
2734	9.110064066043053e-01	3.569335937500000e-02
2735	9.093153964959391e-01	3.588867187500000e-02
2736	9.089703909891279e-01	3.705444335937500e-02
2737	9.094662686053582e-01	3.726806640625000e-02
2738	9.090959295720205e-01	3.758544921875000e-02
2739	9.104133967320373e-01	3.685913085937500e-02
2740	9.106545751242826e-01	3.704223632812500e-02
2741	9.103837320636975e-01	3.666381835937500e-02
2742	9.107082774418517e-01	3.607177734375000e-02
2743	9.102046415843725e-01	3.637084960937500e-02
2744	9.101300322097469e-01	3.588256835937500e-02
2745	9.103335976866167e-01	3.680419921875000e-02
2746	9.105219067048366e-01	3.644409179687500e-02
2747	9.104585834488531e-01	3.604125976562500e-02
2748	9.098240315318272e-01	3.585205078125000e-02
2749	9.101066256510801e-01	3.750000000000000e-02
2750	9.105951813592236e-01	3.656616210937500e-02
2751	9.102728461063356e-01	3.638916015625000e-02
2752	9.095997452726801e-01	3.737792968750000e-02
2753	9.101380285367178e-01	3.693847656250000e-02
2754	9.107311976970108e-01	3.561401367187500e-02
2755	9.097802614078104e-01	3.615112304687500e-02
2756	9.095049834736203e-01	3.595581054687500e-02
2757	9.090055012443655e-01	3.724365234375000e-02
2758	9.089243425584318e-01	3.705444335937500e-02
2759	9.092154454126673e-01	3.789672851562500e-02
2760	9.095149931363345e-01	3.682861328125000e-02
2761	9.096894525356621e-01	3.699951171875000e-02
2762	9.101352883036475e-01	3.653564453125000e-02
2763	9.105359887084065e-01	3.590087890625000e-02
2764	9.103333988027722e-01	3.705444335937500e-02
2765	9.100845925747766e-01	3.652343750000000e-02
2766	9.107161495251441e-01	3.668823242187500e-02
2767	9.101344046892654e-01	3.660278320312500e-02
2768	9.100378039972901e-01	3.679809570312500e-02
2769	9.094925203679436e-01	3.630981445312500e-02
2770	9.096065764651245e-01	3.740234375000000e-02
2771	9.092831307596673e-01	3.566894531250000e-02
2772	9.103264216107739e-01	3.701171875000000e-02
2773	9.106790060448606e-01	3.690185546875000e-02
2774	9.106306753084882e-01	3.535766601562500e-02
2775	9.099641513657143e-01	3.587036132812500e-02
2776	9.108526915986771e-01	3.607177734375000e-02
2777	9.107593929020409e-01	3.590698242187500e-02
2778	9.100875368629957e-01	3.545532226562500e-02
2779	9.097003692206433e-01	3.743896484375000e-02
2780	9.094870977815450e-01	3.705444335937500e-02
2781	9.102320321333499e-01	3.583374023437500e-02
2782	9.102774706241012e-01	3.762817382812500e-02
2783	9.100271717301753e-01	3.700561523437500e-02
2784	9.094825749917472e-01	3.743286132812500e-02
2785	9.099469461873465e-01	3.626098632812500e-02
2786	9.101518671932194e-01	3.592529296875000e-02
2787	9.100915810802115e-01	3.704223632812500e-02
2788	9.098948797052673e-01	3.591308593750000e-02
2789	9.104921361800641e-01	3.742675781250000e-02
2790	9.109371981142075e-01	3.575439453125000e-02
2791	9.101007362540275e-01	3.664550781250000e-02
2792	9.093417470181840e-01	3.695068359375000e-02
2793	9.099263782831346e-01	3.680419921875000e-02
2794	9.102821860498441e-01	3.677368164062500e-02
2795	9.097318175588686e-01	3.622436523437500e-02
2796	9.101925962778759e-01	3.652954101562500e-02
2797	9.101558756500273e-01	3.589477539062500e-02
2798	9.104498794368446e-01	3.584594726562500e-02
2799	9.093739659108263e-01	3.715820312500000e-02
2800	9.088348428050345e-01	3.613891601562500e-02
2801	9.089780804549988e-01	3.803710937500000e-02
2802	9.081049827812087e-01	3.823852539062500e-02
2803	9.089894375552641e-01	3.818969726562500e-02
2804	9.096243509284525e-01	3.700561523437500e-02
2805	9.099016999776154e-01	3.662719726562500e-02
2806	9.100552485668464e-01	3.525390625000000e-02
2807	9.090917453172347e-01	3.668212890625000e-02
2808	9.083078763088454e-01	3.806762695312500e-02
2809	9.086641549154401e-01	3.824462890625000e-02
2810	9.090447785062589e-01	3.801879882812500e-02
2811	9.097915002462912e-01	3.720092773437500e-02
2812	9.092824148405403e-01	3.737792968750000e-02
2813	9.094124125575811e-01	3.721923828125000e-02
2814	9.095174248710634e-01	3.753051757812500e-02
2815	9.102174681891566e-01	3.709716796875000e-02
2816	9.099292352752221e-01	3.743286132812500e-02
2817	9.104003814010868e-01	3.688354492187500e-02
2818	9.104923773655956e-01	3.701171875000000e-02
2819	9.105103902284477e-01	3.497924804687500e-02
2820	9.115256778790517e-01	3.567504882812500e-02
2821	9.110083505173322e-01	3.594970703125000e-02
2822	9.107191622262060e-01	3.649291992187500e-02
2823	9.095682080199002e-01	3.613281250000000e-02
2824	9.095752651190750e-01	3.624267578125000e-02
2825	9.093824708453906e-01	3.806152343750000e-02
2826	9.096206418976663e-01	3.725585937500000e-02
2827	9.098021084998112e-01	3.656005859375000e-02
2828	9.094844207716037e-01	3.776245117187500e-02
2829	9.096741253387118e-01	3.712158203125000e-02
2830	9.102097183234710e-01	3.621826171875000e-02
2831	9.094608655847694e-01	3.649902343750000e-02
2832	9.082410466879404e-01	3.707275390625000e-02
2833	9.082904618041892e-01	3.844604492187500e-02
2834	9.090894921904712e-01	3.762207031250000e-02
2835	9.090715742127053e-01	3.640136718750000e-02
2836	9.098739851475620e-01	3.710937500000000e-02
2837	9.096025380992961e-01	3.721923828125000e-02
2838	9.094334420687390e-01	3.743286132812500e-02
2839	9.084343970049740e-01	3.770751953125000e-02
2840	9.096601602572266e-01	3.752441406250000e-02
2841	9.090642004941486e-01	3.779296875000000e-02
2842	9.095593407528672e-01	3.792724609375000e-02
2843	9.093826667271170e-01	3.674316406250000e-02
2844	9.093919007485850e-01	3.740844726562500e-02
2845	9.090235046083106e-01	3.726196289062500e-02
2846	9.087695283938652e-01	3.745117187500000e-02
2847	9.090707102652713e-01	3.784790039062500e-02
2848	9.092240362015650e-01	3.659667968750000e-02
2849	9.095601466915110e-01	3.773193359375000e-02
2850	9.092555790568696e-01	3.776855468750000e-02
2851	9.095186815890983e-01	3.640747070312500e-02
2852	9.102670315068945e-01	3.673095703125000e-02
2853	9.105666731453951e-01	3.646850585937500e-02
2854	9.100735401045421e-01	3.584594726562500e-02
2855	9.096905518130725e-01	3.628540039062500e-02
2856	9.099605875417041e-01	3.685913085937500e-02
2857	9.096515937208202e-01	3.699951171875000e-02
2858	9.102679770875718e-01	3.610839843750000e-02
2859	9.090917175172409e-01	3.794555664062500e-02
2860	9.094779110368698e-01	3.722534179687500e-02
2861	9.099037520348382e-01	3.707275390625000e-02
2862	9.101210915481582e-01	3.626098632812500e-02
2863	9.094059398076489e-01	3.681030273437500e-02
2864	9.098953783357621e-01	3.701782226562500e-02
2865	9.104633280397741e-01	3.576660156250000e-02
2866	9.096246363560011e-01	3.760375976562500e-02
2867	9.099593674645129e-01	3.649291992187500e-02
2868	9.103609868708505e-01	3.568115234375000e-02
2869	9.101828631980408e-01	3.662109375000000e-02
2870	9.099265055523932e-01	3.684692382812500e-02
2871	9.098426538672411e-01	3.693237304687500e-02
2872	9.090356262604455e-01	3.731689453125000e-02
2873	9.085937234639880e-01	3.744506835937500e-02
2874	9.094795233155569e-01	3.766479492187500e-02
2875	9.098433677522785e-01	3.772583007812500e-02
2876	9.104104104046759e-01	3.713989257812500e-02
2877	9.104244443417890e-01	3.706665039062500e-02
2878	9.102082613960579e-01	3.685302734375000e-02
2879	9.107537480482621e-01	3.615112304687500e-02
2880	9.105142014026009e-01	3.637084960937500e-02
2881	9.096446173360712e-01	3.645019531250000e-02
2882	9.097460936580775e-01	3.784790039062500e-02
2883	9.094174147039391e-01	3.764038085937500e-02
2884	9.093598924250698e-01	3.796997070312500e-02
2885	9.093147660560933e-01	3.688964843750000e-02
2886	9.099617246094688e-01	3.704833984375000e-02
2887	9.103370441915511e-01	3.694458007812500e-02
2888	9.093515134968446e-01	3.748779296875000e-02
2889	9.104490645009511e-01	3.643188476562500e-02
2890	9.102195330689405e-01	3.676757812500000e-02
2891	9.097377230388407e-01	3.726806640625000e-02
2892	9.102839821816794e-01	3.666381835937500e-02
2893	9.095906955946632e-01	3.728637695312500e-02
2894	9.099504743784806e-01	3.713378906250000e-02
2895	9.098758749109123e-01	3.651123046875000e-02
2896	9.095313342229997e-01	3.686523437500000e-02
2897	9.101045774509714e-01	3.675537109375000e-02
2898	9.107426548958624e-01	3.688964843750000e-02
2899	9.101093767049927e-01	3.638305664062500e-02
2900	9.100467970271920e-01	3.691406250000000e-02
2901	9.101830184153440e-01	3.715209960937500e-02
2902	9.099300700251017e-01	3.713989257812500e-02
2903	9.097243835232263e-01	3.743896484375000e-02
2904	9.096430673180270e-01	3.643798828125000e-02
2905	9.100196236048520e-01	3.685913085937500e-02
2906	9.096155549500941e-01	3.718261718750000e-02
2907	9.103016507706769e-01	3.739013671875000e-02
2908	9.100062946146474e-01	3.607788085937500e-02
2909	9.102208451574479e-01	3.618164062500000e-02
2910	9.098951902574489e-01	3.721923828125000e-02
2911	9.099002614774819e-01	3.682861328125000e-02
2912	9.099042480109749e-01	3.649291992187500e-02
2913	9.099736911371723e-01	3.864135742187500e-02
2914	9.094374629797944e-01	3.716430664062500e-02
2915	9.092538662844086e-01	3.798217773437500e-02
2916	9.097177208068749e-01	3.732299804687500e-02
2917	9.100523409146443e-01	3.629760742187500e-02
2918	9.091587305471530e-01	3.770751953125000e-02
2919	9.091528743511907e-01	3.793334960937500e-02
2920	9.101314244966153e-01	3.784790039062500e-02
2921	9.107197880281195e-01	3.659667968750000e-02
2922	9.101404203664010e-01	3.586425781250000e-02
2923	9.101886686093635e-01	3.613281250000000e-02
2924	9.102497909340855e-01	3.703613281250000e-02
2925	9.105165176365720e-01	3.596801757812500e-02
2926	9.100783933332743e-01	3.641357421875000e-02
2927	9.099749118017747e-01	3.698730468750000e-02
2928	9.098778515020727e-01	3.662109375000000e-02
2929	9.106373781029354e-01	3.706665039062500e-02
2930	9.096806030620060e-01	3.584594726562500e-02
2931	9.093871197356050e-01	3.668212890625000e-02
2932	9.099478990889787e-01	3.798217773437500e-02
2933	9.099125283456311e-01	3.745117187500000e-02
2934	9.100239469996886e-01	3.711547851562500e-02
2935	9.096738538606576e-01	3.715209960937500e-02
2936	9.100685744842926e-01	3.652343750000000e-02
2937	9.103620273579359e-01	3.717651367187500e-02
2938	9.106978584428794e-01	3.694458007812500e-02
2939	9.103809561150955e-01	3.629760742187500e-02
2940	9.104306926158153e-01	3.580932617187500e-02
2941	9.099711117503065e-01	3.621826171875000e-02
2942	9.097937247820390e-01	3.681030273437500e-02
2943	9.086903321526490e-01	3.680419921875000e-02
2944	9.095028422249652e-01	3.710327148437500e-02
2945	9.102276257550154e-01	3.634643554687500e-02
2946	9.098026001608571e-01	3.610839843750000e-02
2947	9.098448320384337e-01	3.671264648437500e-02
2948	9.096043950331438e-01	3.668823242187500e-02
2949	9.105835335701324e-01	3.644409179687500e-02
2950	9.101646620441063e-01	3.682861328125000e-02
2951	9.100860934791514e-01	3.785400390625000e-02
2952	9.101869186454886e-01	3.613891601562500e-02
2953	9.095149028406487e-01	3.656616210937500e-02
2954	9.097137597393768e-01	3.601074218750000e-02
2955	9.091300836782357e-01	3.655395507812500e-02
2956	9.093536346627394e-01	3.773193359375000e-02
2957	9.091725389152111e-01	3.796386718750000e-02
2958	9.098179457996795e-01	3.710937500000000e-02
2959	9.101814983097117e-01	3.580322265625000e-02
2960	9.099094638653064e-01	3.630371093750000e-02
2961	9.101424964712105e-01	3.707885742187500e-02
2962	9.106021522234092e-01	3.540649414062500e-02
2963	9.102476866580531e-01	3.726806640625000e-02
2964	9.101465053978696e-01	3.746948242187500e-02
2965	9.107939400358944e-01	3.667602539062500e-02
2966	9.115107405530214e-01	3.583374023437500e-02
2967	9.114694199142996e-01	3.559570312500000e-02
2968	9.111856410949440e-01	3.615722656250000e-02
2969	9.100896523424794e-01	3.645629882812500e-02
2970	9.102767587620205e-01	3.675537109375000e-02
2971	9.108311067554754e-01	3.670654296875000e-02
2972	9.098443463475491e-01	3.705444335937500e-02
2973	9.092672246718885e-01	3.753051757812500e-02
2974	9.089879944910346e-01	3.866577148437500e-02
2975	9.095130781027149e-01	3.823242187500000e-02
2976	9.104630637732964e-01	3.731689453125000e-02
2977	9.105321568407532e-01	3.604125976562500e-02
2978	9.106355685911515e-01	3.706054687500000e-02
2979	9.113106720924379e-01	3.618774414062500e-02
2980	9.097674982688142e-01	3.652343750000000e-02
2981	9.099498684985821e-01	3.741455078125000e-02
2982	9.096381547933521e-01	3.684692382812500e-02
2983	9.104128070223436e-01	3.698120117187500e-02
2984	9.101733964980476e-01	3.713989257812500e-02
2985	9.103638066287836e-01	3.655395507812500e-02
2986	9.094976244861077e-01	3.721923828125000e-02
2987	9.092742395181296e-01	3.729858398437500e-02
2988	9.097896025472649e-01	3.760986328125000e-02
2989	9.086060883152912e-01	3.621215820312500e-02
2990	9.087325143223519e-01	3.810424804687500e-02
2991	9.086683079337757e-01	3.869628906250000e-02
2992	9.089810817714609e-01	3.712158203125000e-02
2993	9.092862103230086e-01	3.823852539062500e-02
2994	9.096805960189859e-01	3.787841796875000e-02
2995	9.099236914299681e-01	3.676147460937500e-02
2996	9.106960422086882e-01	3.695678710937500e-02
2997	9.102918789901148e-01	3.709716796875000e-02
2998	9.101200601666816e-01	3.824462890625000e-02
2999	9.098194617024653e-01	3.731079101562500e-02
3000	9.095247913193586e-01	3.679199218750000e-02
3001	9.098896518596608e-01	3.775634765625000e-02
3002	9.098462134590334e-01	3.687133789062500e-02
3003	9.101269903004366e-01	3.773803710937500e-02
3004	9.102737363920173e-01	3.738403320312500e-02
3005	9.109397103872757e-01	3.722534179687500e-02
3006	9.105799401686649e-01	3.576660156250000e-02
3007	9.110412292248724e-01	3.685913085937500e-02
3008	9.108592152373266e-01	3.606567382812500e-02
3009	9.097806327091655e-01	3.759765625000000e-02
3010	9.100192474292369e-01	3.679199218750000e-02
3011	9.093816190045915e-01	3.768920898437500e-02
3012	9.099840224382888e-01	3.651733398437500e-02
3013	9.096638078584456e-01	3.817749023437500e-02
3014	9.097342033810496e-01	3.671875000000000e-02
3015	9.089797298104348e-01	3.762207031250000e-02
3016	9.094808513095027e-01	3.768920898437500e-02
3017	9.110756706329849e-01	3.715209960937500e-02
3018	9.109756248144608e-01	3.703002929687500e-02
3019	9.107849094215892e-01	3.580322265625000e-02
3020	9.107739748888709e-01	3.540039062500000e-02
3021	9.103502597293994e-01	3.576049804687500e-02
3022	9.104722077925177e-01	3.676757812500000e-02
3023	9.105739119406717e-01	3.652954101562500e-02
3024	9.104587606436131e-01	3.726806640625000e-02
3025	9.102090801292259e-01	3.734741210937500e-02
3026	9.101409117711160e-01	3.788452148437500e-02
3027	9.096849547614468e-01	3.664550781250000e-02
3028	9.096659757195112e-01	3.737182617187500e-02
3029	9.101882569289702e-01	3.783569335937500e-02
3030	9.103069037011920e-01	3.591308593750000e-02
3031	9.104964157276383e-01	3.624877929687500e-02
3032	9.108986450800605e-01	3.649902343750000e-02
3033	9.108116358415023e-01	3.569946289062500e-02
3034	9.103039899773259e-01	3.623046875000000e-02
3035	9.101532823801356e-01	3.709716796875000e-02
3036	9.101198680662184e-01	3.720092773437500e-02
3037	9.107218137172247e-01	3.610229492187500e-02
3038	9.121883688744327e-01	3.615112304687500e-02
3039	9.109856483195649e-01	3.571166992187500e-02
3040	9.102462995566415e-01	3.634643554687500e-02
3041	9.104595693242760e-01	3.655395507812500e-02
3042	9.111546787909965e-01	3.640747070312500e-02
3043	9.111667873531410e-01	3.605957031250000e-02
3044	9.105433928288890e-01	3.634643554687500e-02
3045	9.107496014800417e-01	3.657226562500000e-02
3046	9.102252234379251e-01	3.666992187500000e-02
3047	9.109016944151942e-01	3.603515625000000e-02
3048	9.096771378054934e-01	3.654174804687500e-02
3049	9.093803505262484e-01	3.711547851562500e-02
3050	9.097000931104615e-01	3.691406250000000e-02
3051	9.092848988690364e-01	3.713378906250000e-02
3052	9.094411560921046e-01	3.681030273437500e-02
3053	9.101554536203383e-01	3.603515625000000e-02
3054	9.098397503843497e-01	3.703002929687500e-02
3055	9.103454380818560e-01	3.760375976562500e-02
3056	9.099873971436256e-01	3.687744140625000e-02
3057	9.099107705570909e-01	3.613281250000000e-02
3058	9.105298105363419e-01	3.771362304687500e-02
3059	9.105012677225099e-01	3.723754882812500e-02
3060	9.101451074395531e-01	3.719482421875000e-02
3061	9.097360868318618e-01	3.741455078125000e-02
3062	9.100066353239695e-01	3.684692382812500e-02
3063	9.098534205571202e-01	3.630981445312500e-02
3064	9.096689566717657e-01	3.716430664062500e-02
3065	9.089215199173659e-01	3.698730468750000e-02
3066	9.096008119683207e-01	3.740844726562500e-02
3067	9.091986683078068e-01	3.773193359375000e-02
3068	9.092809934417625e-01	3.652954101562500e-02
3069	9.090235156403160e-01	3.688964843750000e-02
3070	9.087562831947524e-01	3.914794921875000e-02
3071	9.095561027197882e-01	3.606567382812500e-02
3072	9.098525111615352e-01	3.724975585937500e-02
3073	9.099658175910960e-01	3.673706054687500e-02
3074	9.099392222495190e-01	3.650512695312500e-02
3075	9.102461481415575e-01	3.703002929687500e-02
3076	9.098262222343471e-01	3.667602539062500e-02
3077	9.102028535438677e-01	3.701171875000000e-02
3078	9.106845491114504e-01	3.612060546875000e-02
3079	9.100675222914720e-01	3.688964843750000e-02
3080	9.095567647513995e-01	3.630981445312500e-02
3081	9.093644819113044e-01	3.584594726562500e-02
3082	9.099523344013257e-01	3.733520507812500e-02
3083	9.095663432312652e-01	3.671264648437500e-02
3084	9.098099820558730e-01	3.682861328125000e-02
3085	9.090070718658323e-01	3.768310546875000e-02
3086	9.095166934708668e-01	3.878173828125000e-02
3087	9.104538014472802e-01	3.677368164062500e-02
3088	9.103871736111073e-01	3.631591796875000e-02
3089	9.108870239194128e-01	3.598632812500000e-02
3090	9.106300723281652e-01	3.546752929687500e-02
3091	9.112913803617527e-01	3.658447265625000e-02
3092	9.103867228518489e-01	3.602905273437500e-02
3093	9.101779555645885e-01	3.676757812500000e-02
3094	9.109877032332380e-01	3.664550781250000e-02
3095	9.104575328757444e-01	3.656005859375000e-02
3096	9.109033190955683e-01	3.675537109375000e-02
3097	9.100552059739576e-01	3.682250976562500e-02
3098	9.098197665026685e-01	3.733520507812500e-02
3099	9.090910712269474e-01	3.663330078125000e-02
3100	9.096083881740954e-01	3.708496093750000e-02
3101	9.093949057653913e-01	3.668212890625000e-02
3102	9.094158780703636e-01	3.699340820312500e-02
3103	9.098756484453060e-01	3.604736328125000e-02
3104	9.098592020348378e-01	3.787231445312500e-02
3105	9.090570997173946e-01	3.712768554687500e-02
3106	9.100542325511416e-01	3.729858398437500e-02
3107	9.104645688600247e-01	3.666381835937500e-02
3108	9.101361553689769e-01	3.660888671875000e-02
3109	9.087324166092902e-01	3.767089843750000e-02
3110	9.095121693846847e-01	3.665771484375000e-02
3111	9.097968690222867e-01	3.632812500000000e-02
3112	9.094801015051956e-01	3.655395507812500e-02
3113	9.100248971061203e-01	3.652343750000000e-02
3114	9.097514230299377e-01	3.795166015625000e-02
3115	9.087777125049968e-01	3.764648437500000e-02
3116	9.091379097580091e-01	3.736572265625000e-02
3117	9.088129812239859e-01	3.745117187500000e-02
3118	9.082520938450754e-01	3.762207031250000e-02
3119	9.093065398719632e-01	3.710327148437500e-02
3120	9.099592335111363e-01	3.662719726562500e-02
3121	9.092017893229037e-01	3.683471679687500e-02
3122	9.091513175937794e-01	3.729858398437500e-02
3123	9.093513726983083e-01	3.695068359375000e-02
3124	9.099257175145027e-01	3.731689453125000e-02
3125	9.082368994136364e-01	3.763427734375000e-02
3126	9.088726974840240e-01	3.806152343750000e-02
3127	9.089120669861347e-01	3.750000000000000e-02
3128	9.101854015732410e-01	3.635253906250000e-02
3129	9.096550156248963e-01	3.719482421875000e-02
3130	9.093451775996004e-01	3.710327148437500e-02
3131	9.102054635809638e-01	3.718872070312500e-02
3132	9.102224809228692e-01	3.614501953125000e-02
3133	9.103264180700045e-01	3.570556640625000e-02
3134	9.094948714686265e-01	3.725585937500000e-02
3135	9.100484002845727e-01	3.658447265625000e-02
3136	9.096983473693313e-01	3.770751953125000e-02
3137	9.091327994978458e-01	3.729248046875000e-02
3138	9.090534967349370e-01	3.829956054687500e-02
3139	9.092575660404743e-01	3.706665039062500e-02
3140	9.106522850742939e-01	3.617553710937500e-02
3141	9.102579835944794e-01	3.644409179687500e-02
3142	9.097127174083965e-01	3.643798828125000e-02
3143	9.099262853960490e-01	3.677978515625000e-02
3144	9.093702810568832e-01	3.786010742187500e-02
3145	9.096264724849203e-01	3.710937500000000e-02
3146	9.091498078347678e-01	3.720703125000000e-02
3147	9.091953574167917e-01	3.690795898437500e-02
3148	9.094716154003285e-01	3.809814453125000e-02
3149	9.100820823037615e-01	3.811035156250000e-02
3150	9.111886779384673e-01	3.603515625000000e-02
3151	9.099025562064775e-01	3.598632812500000e-02
3152	9.095449146155414e-01	3.695678710937500e-02
3153	9.096283792405359e-01	3.723754882812500e-02
3154	9.093640250439462e-01	3.699951171875000e-02
3155	9.086632422957434e-01	3.687744140625000e-02
3156	9.092328255111592e-01	3.726806640625000e-02
3157	9.091591083628160e-01	3.754272460937500e-02
3158	9.097090935585475e-01	3.743896484375000e-02
3159	9.093806594172572e-01	3.806152343750000e-02
3160	9.099970245146861e-01	3.774414062500000e-02
3161	9.099789034608822e-01	3.704223632812500e-02
3162	9.096364080824179e-01	3.722534179687500e-02
3163	9.100119956239784e-01	3.734741210937500e-02
3164	9.097832926076408e-01	3.640136718750000e-02
3165	9.101305657429011e-01	3.725585937500000e-02
3166	9.103189053473764e-01	3.681640625000000e-02
3167	9.098895271968721e-01	3.732910156250000e-02
3168	9.104862327118742e-01	3.607788085937500e-02
3169	9.102248055046033e-01	3.638916015625000e-02
3170	9.105406826317782e-01	3.699951171875000e-02
3171	9.116853683263503e-01	3.596191406250000e-02
3172	9.106341970581048e-01	3.509521484375000e-02
3173	9.112379446249382e-01	3.592529296875000e-02
3174	9.097885979544981e-01	3.702392578125000e-02
3175	9.092458470187633e-01	3.770141601562500e-02
3176	9.097662955159914e-01	3.710327148437500e-02
3177	9.096027041551681e-01	3.681030273437500e-02
3178	9.097431037982270e-01	3.777465820312500e-02
3179	9.099707977171345e-01	3.732910156250000e-02
3180	9.098169557969163e-01	3.690795898437500e-02
3181	9.098140354061148e-01	3.929443359375000e-02
3182	9.101854791196750e-01	3.676147460937500e-02
3183	9.095644669355015e-01	3.659057617187500e-02
3184	9.099536113978481e-01	3.643798828125000e-02
3185	9.096232031487582e-01	3.710937500000000e-02
3186	9.098699153476413e-01	3.694458007812500e-02
3187	9.093984165956076e-01	3.665771484375000e-02
3188	9.090323375371279e-01	3.701782226562500e-02
3189	9.098246157738502e-01	3.681030273437500e-02
3190	9.095967068158085e-01	3.634033203125000e-02
3191	9.097721630929438e-01	3.810424804687500e-02
3192	9.090224337330689e-01	3.714599609375000e-02
3193	9.101255379375530e-01	3.727416992187500e-02
3194	9.102776900878974e-01	3.812866210937500e-02
3195	9.087512334273300e-01	3.692626953125000e-02
3196	9.099386287720933e-01	3.716430664062500e-02
3197	9.107375214284271e-01	3.708496093750000e-02
3198	9.100171762433741e-01	3.601074218750000e-02
3199	9.105427132684200e-01	3.684082031250000e-02
3200	9.102657859831003e-01	3.761596679687500e-02
3201	9.107007302540510e-01	3.568725585937500e-02
3202	9.099822613054696e-01	3.656616210937500e-02
3203	9.103503403837605e-01	3.656616210937500e-02
3204	9.110034722409704e-01	3.615112304687500e-02
3205	9.101599465714982e-01	3.633422851562500e-02
3206	9.107212012748617e-01	3.603515625000000e-02
3207	9.105556825918487e-01	3.672485351562500e-02
3208	9.111150237967779e-01	3.595581054687500e-02
3209	9.103106865208296e-01	3.699951171875000e-02
3210	9.106239498320462e-01	3.714599609375000e-02
3211	9.104898097633015e-01	3.642578125000000e-02
3212	9.111773533038557e-01	3.643798828125000e-02
3213	9.108196009010255e-01	3.599853515625000e-02
3214	9.104462786157773e-01	3.616943359375000e-02
3215	9.106513216250844e-01	3.738403320312500e-02
3216	9.102120054274505e-01	3.709106445312500e-02
3217	9.095866611127782e-01	3.723754882812500e-02
3218	9.103922767428650e-01	3.640136718750000e-02
3219	9.100461988951710e-01	3.670043945312500e-02
3220	9.100905622210731e-01	3.677368164062500e-02
3221	9.104654971208185e-01	3.758544921875000e-02
3222	9.102035218231185e-01	3.539428710937500e-02
3223	9.098064276613039e-01	3.728027343750000e-02
3224	9.101822515109435e-01	3.640136718750000e-02
3225	9.103081619329543e-01	3.689575195312500e-02
3226	9.095307463708208e-01	3.741455078125000e-02
3227	9.095954671620325e-01	3.767700195312500e-02
3228	9.096118942691030e-01	3.690795898437500e-02
3229	9.095730570222380e-01	3.723754882812500e-02
3230	9.098445710652516e-01	3.707275390625000e-02
3231	9.103358885194034e-01	3.619384765625000e-02
3232	9.100817655462966e-01	3.639526367187500e-02
3233	9.100115092006562e-01	3.692016601562500e-02
3234	9.095318208104617e-01	3.657226562500000e-02
3235	9.095787128246983e-01	3.750000000000000e-02
3236	9.093733576293394e-01	3.665161132812500e-02
3237	9.092584578038410e-01	3.701782226562500e-02
3238	9.097964277943212e-01	3.704833984375000e-02
3239	9.097458091229028e-01	3.707275390625000e-02
3240	9.098195612677672e-01	3.698730468750000e-02
3241	9.099030208681219e-01	3.732299804687500e-02
3242	9.108020490489203e-01	3.737792968750000e-02
3243	9.107732942893539e-01	3.638305664062500e-02
3244	9.108247852782297e-01	3.615112304687500e-02
3245	9.110384648845887e-01	3.560791015625000e-02
3246	9.102197756016254e-01	3.666381835937500e-02
3247	9.103485358192344e-01	3.673706054687500e-02
3248	9.102876633426070e-01	3.706054687500000e-02
3249	9.107606715481035e-01	3.709106445312500e-02
3250	9.108585370907210e-01	3.671875000000000e-02
3251	9.104705495865452e-01	3.695678710937500e-02
3252	9.108097141452873e-01	3.664550781250000e-02
3253	9.116845876194524e-01	3.609619140625000e-02
3254	9.108224723707125e-01	3.622436523437500e-02
3255	9.104675109026320e-01	3.730468750000000e-02
3256	9.097695327367351e-01	3.666381835937500e-02
3257	9.100394840296430e-01	3.688354492187500e-02
3258	9.098155076388336e-01	3.583374023437500e-02
3259	9.097125898674411e-01	3.666992187500000e-02
3260	9.097989888759973e-01	3.743286132812500e-02
3261	9.103059307607090e-01	3.790893554687500e-02
3262	9.094768502358509e-01	3.741455078125000e-02
3263	9.092953937721702e-01	3.698730468750000e-02
3264	9.090786038541072e-01	3.743286132812500e-02
3265	9.094187073244222e-01	3.728027343750000e-02
3266	9.095491213273624e-01	3.720092773437500e-02
3267	9.101175503926849e-01	3.750610351562500e-02
3268	9.104442841813728e-01	3.714599609375000e-02
3269	9.113364710370457e-01	3.708496093750000e-02
3270	9.110526692633479e-01	3.619995117187500e-02
3271	9.102198086722444e-01	3.529663085937500e-02
3272	9.094321694758847e-01	3.804931640625000e-02
3273	9.094216382297741e-01	3.760375976562500e-02
3274	9.108750062069243e-01	3.632202148437500e-02
3275	9.101795856913045e-01	3.627929687500000e-02
3276	9.096456880199141e-01	3.705444335937500e-02
3277	9.099381854697145e-01	3.674926757812500e-02
3278	9.100443834380103e-01	3.713378906250000e-02
3279	9.098809121077921e-01	3.621826171875000e-02
3280	9.106933836784336e-01	3.613891601562500e-02
3281	9.102178488151703e-01	3.610229492187500e-02
3282	9.103571057885059e-01	3.712768554687500e-02
3283	9.100428634115776e-01	3.677978515625000e-02
3284	9.100450334449132e-01	3.635253906250000e-02
3285	9.106869783349104e-01	3.601684570312500e-02
3286	9.099319641524750e-01	3.673095703125000e-02
3287	9.093066307683625e-01	3.655395507812500e-02
3288	9.096354584004901e-01	3.797607421875000e-02
3289	9.102678641752954e-01	3.735961914062500e-02
3290	9.097746813832890e-01	3.660278320312500e-02
3291	9.095554317120982e-01	3.789672851562500e-02
3292	9.095031978380961e-01	3.605346679687500e-02
3293	9.097887875324685e-01	3.648071289062500e-02
3294	9.091400331056656e-01	3.726806640625000e-02
3295	9.086553885620411e-01	3.691406250000000e-02
3296	9.098595830242791e-01	3.612060546875000e-02
3297	9.103849766484303e-01	3.765258789062500e-02
3298	9.101994931270427e-01	3.619995117187500e-02
3299	9.112161176759256e-01	3.614501953125000e-02
3300	9.102324640274450e-01	3.680419921875000e-02
3301	9.104541718508301e-01	3.762817382812500e-02
3302	9.104590021985982e-01	3.671875000000000e-02
3303	9.103246649726637e-01	3.635864257812500e-02
3304	9.106406157041982e-01	3.677978515625000e-02
3305	9.109274211559351e-01	3.616333007812500e-02
3306	9.110068972716556e-01	3.658447265625000e-02
3307	9.110766233090950e-01	3.595581054687500e-02
3308	9.120000351379240e-01	3.577270507812500e-02
3309	9.109503584260444e-01	3.555297851562500e-02
3310	9.102587061227022e-01	3.687744140625000e-02
3311	9.103294760699673e-01	3.728637695312500e-02
3312	9.104825782442943e-01	3.641357421875000e-02
3313	9.102762943755544e-01	3.631591796875000e-02
3314	9.099434416416350e-01	3.707885742187500e-02
3315	9.095345177431208e-01	3.676757812500000e-02
3316	9.096170944064093e-01	3.693237304687500e-02
3317	9.089817391469799e-01	3.750000000000000e-02
3318	9.093382561005366e-01	3.713378906250000e-02
3319	9.095741006223245e-01	3.759765625000000e-02
3320	9.099033080839917e-01	3.720703125000000e-02
3321	9.092398492646300e-01	3.743896484375000e-02
3322	9.103967508817202e-01	3.748168945312500e-02
3323	9.100078852181035e-01	3.663330078125000e-02
3324	9.110108632014317e-01	3.665771484375000e-02
3325	9.112466921098884e-01	3.497314453125000e-02
3326	9.113840683615776e-01	3.559570312500000e-02
3327	9.109493991630694e-01	3.679809570312500e-02
3328	9.101196220563984e-01	3.717651367187500e-02
3329	9.092950251921534e-01	3.699951171875000e-02
3330	9.101755124326346e-01	3.688964843750000e-02
3331	9.105866815181577e-01	3.690795898437500e-02
3332	9.092668594796997e-01	3.605346679687500e-02
3333	9.084538076297005e-01	3.758544921875000e-02
3334	9.089446500415826e-01	3.853149414062500e-02
3335	9.090996316401908e-01	3.723144531250000e-02
3336	9.087599914989406e-01	3.775024414062500e-02
3337	9.085339826869802e-01	3.822021484375000e-02
3338	9.088555682486864e-01	3.788452148437500e-02
3339	9.091390412922897e-01	3.724975585937500e-02
3340	9.103296849610328e-01	3.745727539062500e-02
3341	9.100006238011820e-01	3.563842773437500e-02
3342	9.102820628359273e-01	3.579711914062500e-02
3343	9.101529552755975e-01	3.613281250000000e-02
3344	9.096447254775352e-01	3.648681640625000e-02
3345	9.096841280749121e-01	3.697509765625000e-02
3346	9.085357360602789e-01	3.744506835937500e-02
3347	9.085591468452368e-01	3.778686523437500e-02
3348	9.089742658278194e-01	3.805541992187500e-02
3349	9.094643152061086e-01	3.795166015625000e-02
3350	9.094307253325447e-01	3.738403320312500e-02
3351	9.092764919724839e-01	3.808593750000000e-02
3352	9.096919442152734e-01	3.660278320312500e-02
3353	9.096932246950292e-01	3.719482421875000e-02
3354	9.100300226034062e-01	3.697509765625000e-02
3355	9.099796525057687e-01	3.688964843750000e-02
3356	9.104960913905661e-01	3.743286132812500e-02
3357	9.100711446872269e-01	3.629150390625000e-02
3358	9.101531670765582e-01	3.681030273437500e-02
3359	9.097772295437255e-01	3.650512695312500e-02
3360	9.105563368319475e-01	3.657836914062500e-02
3361	9.106203119874362e-01	3.549804687500000e-02
3362	9.102695974048082e-01	3.577880859375000e-02
3363	9.099371842474765e-01	3.610839843750000e-02
3364	9.102279045297883e-01	3.686523437500000e-02
3365	9.103869256378115e-01	3.667602539062500e-02
3366	9.105489960871255e-01	3.563232421875000e-02
3367	9.100502529052288e-01	3.691406250000000e-02
3368	9.098706822067019e-01	3.735351562500000e-02
3369	9.091125711610512e-01	3.641357421875000e-02
3370	9.096905055758048e-01	3.690185546875000e-02
3371	9.102838665041323e-01	3.731689453125000e-02
3372	9.102789728594697e-01	3.668823242187500e-02
3373	9.105998060062032e-01	3.550415039062500e-02
3374	9.115236611607265e-01	3.627929687500000e-02
3375	9.110130155025377e-01	3.605957031250000e-02
3376	9.099842789997212e-01	3.646240234375000e-02
3377	9.100358522948498e-01	3.669433593750000e-02
3378	9.106026113339779e-01	3.648681640625000e-02
3379	9.101752117100618e-01	3.629760742187500e-02
3380	9.102578332983208e-01	3.527221679687500e-02
3381	9.106190608488139e-01	3.611450195312500e-02
3382	9.094344326689764e-01	3.610839843750000e-02
3383	9.095782385787801e-01	3.659667968750000e-02
3384	9.097237342908175e-01	3.760375976562500e-02
3385	9.098465663776191e-01	3.636474609375000e-02
3386	9.098107641195954e-01	3.587036132812500e-02
3387	9.096510059782162e-01	3.681640625000000e-02
3388	9.095806625982230e-01	3.698730468750000e-02
3389	9.089301838849666e-01	3.754272460937500e-02
3390	9.100399807838011e-01	3.756103515625000e-02
3391	9.105375027562811e-01	3.642578125000000e-02
3392	9.095542720594193e-01	3.723754882812500e-02
3393	9.092311921790505e-01	3.641357421875000e-02
3394	9.092651869244529e-01	3.887939453125000e-02
3395	9.096505460667119e-01	3.638305664062500e-02
3396	9.102372674275084e-01	3.764648437500000e-02
3397	9.109677414250852e-01	3.604736328125000e-02
3398	9.108561416482147e-01	3.618774414062500e-02
3399	9.097804849485303e-01	3.684692382812500e-02
3400	9.101251788061923e-01	3.716430664062500e-02
3401	9.101228033667234e-01	3.775634765625000e-02
3402	9.102821268420861e-01	3.721313476562500e-02
3403	9.099555851687867e-01	3.598022460937500e-02
3404	9.091670006332828e-01	3.679199218750000e-02
3405	9.087007519843121e-01	3.789062500000000e-02
3406	9.095473166471022e-01	3.736572265625000e-02
3407	9.099801068559740e-01	3.677368164062500e-02
3408	9.101541645240956e-01	3.652954101562500e-02
3409	9.093634256208181e-01	3.630981445312500e-02
3410	9.093170770191081e-01	3.683471679687500e-02
3411	9.097999728971845e-01	3.693847656250000e-02
3412	9.101376165887282e-01	3.743286132812500e-02
3413	9.103807453680797e-01	3.684082031250000e-02
3414	9.108527981672473e-01	3.593139648437500e-02
3415	9.108122345022450e-01	3.679809570312500e-02
3416	9.110311750421617e-01	3.652343750000000e-02
3417	9.109846398113950e-01	3.604125976562500e-02
3418	9.104467830768442e-01	3.649902343750000e-02
3419	9.099467905021247e-01	3.662109375000000e-02
3420	9.103199461592553e-01	3.701782226562500e-02
3421	9.094680287339921e-01	3.800048828125000e-02
3422	9.103735444842891e-01	3.682250976562500e-02
3423	9.103851561560875e-01	3.651733398437500e-02
3424	9.098546667610533e-01	3.710327148437500e-02
3425	9.102357762491655e-01	3.694458007812500e-02
3426	9.102288945211380e-01	3.649902343750000e-02
3427	9.096963471277516e-01	3.604736328125000e-02
3428	9.094697535755962e-01	3.655395507812500e-02
3429	9.105505726294351e-01	3.721313476562500e-02
3430	9.104111219897341e-01	3.682250976562500e-02
3431	9.102420183293063e-01	3.702392578125000e-02
3432	9.094862460945857e-01	3.695678710937500e-02
3433	9.092587339064836e-01	3.807373046875000e-02
3434	9.094904586969136e-01	3.701782226562500e-02
3435	9.099717191806937e-01	3.678588867187500e-02
3436	9.100361538984862e-01	3.673095703125000e-02
3437	9.104596823940080e-01	3.704223632812500e-02
3438	9.107405662016878e-01	3.701782226562500e-02
3439	9.104642809758038e-01	3.569335937500000e-02
3440	9.102899192358916e-01	3.687744140625000e-02
3441	9.100242983150778e-01	3.685913085937500e-02
3442	9.099112615315544e-01	3.607788085937500e-02
3443	9.090930993197673e-01	3.730468750000000e-02
3444	9.091220254459560e-01	3.724365234375000e-02
3445	9.088559680654256e-01	3.795166015625000e-02
3446	9.090489388965404e-01	3.756713867187500e-02
3447	9.096201255835782e-01	3.796997070312500e-02
3448	9.093169252170630e-01	3.720092773437500e-02
3449	9.078252079058013e-01	3.786010742187500e-02
3450	9.089489480808912e-01	3.821411132812500e-02
3451	9.098723685753419e-01	3.678588867187500e-02
3452	9.102546341567214e-01	3.628540039062500e-02
3453	9.111599553208519e-01	3.595581054687500e-02
3454	9.102554248302921e-01	3.607788085937500e-02
3455	9.105303229759866e-01	3.682861328125000e-02
3456	9.102874384205029e-01	3.662109375000000e-02
3457	9.111757979866613e-01	3.572998046875000e-02
3458	9.114133298396028e-01	3.583984375000000e-02
3459	9.115413423358776e-01	3.558349609375000e-02
3460	9.114294269527773e-01	3.637084960937500e-02
3461	9.105986847274563e-01	3.615722656250000e-02
3462	9.105940782897916e-01	3.646240234375000e-02
3463	9.098217681227997e-01	3.595581054687500e-02
3464	9.095536486409888e-01	3.715820312500000e-02
3465	9.105265435713945e-01	3.696289062500000e-02
3466	9.096177114162348e-01	3.627929687500000e-02
3467	9.104712168392893e-01	3.662719726562500e-02
3468	9.106301081682138e-01	3.608398437500000e-02
3469	9.111993115085077e-01	3.666992187500000e-02
3470	9.108439466133557e-01	3.652343750000000e-02
3471	9.107557188000751e-01	3.647460937500000e-02
3472	9.113961044486075e-01	3.636474609375000e-02
3473	9.110327622834448e-01	3.551025390625000e-02
3474	9.104552215208841e-01	3.602294921875000e-02
3475	9.117637410235423e-01	3.672485351562500e-02
3476	9.112357494317084e-01	3.682250976562500e-02
3477	9.112876072815935e-01	3.649291992187500e-02
3478	9.117412062673330e-01	3.530273437500000e-02
3479	9.115508938583915e-01	3.593750000000000e-02
3480	9.103731325626016e-01	3.728027343750000e-02
3481	9.097904460591538e-01	3.630981445312500e-02
3482	9.102020392488267e-01	3.678588867187500e-02
3483	9.109116296396130e-01	3.697509765625000e-02
3484	9.106734258656571e-01	3.610229492187500e-02
3485	9.108579369926368e-01	3.677978515625000e-02
3486	9.112973484032872e-01	3.600463867187500e-02
3487	9.102810948111681e-01	3.607177734375000e-02
3488	9.103815367515624e-01	3.720092773437500e-02
3489	9.105437025522313e-01	3.712768554687500e-02
3490	9.106516492665127e-01	3.645019531250000e-02
3491	9.101609163758110e-01	3.718261718750000e-02
3492	9.099922657497266e-01	3.785400390625000e-02
3493	9.095396290546476e-01	3.613281250000000e-02
3494	9.087312978002910e-01	3.770141601562500e-02
3495	9.090870948961444e-01	3.702392578125000e-02
3496	9.092356252520607e-01	3.803100585937500e-02
3497	9.097711715402278e-01	3.689575195312500e-02
3498	9.101192051321497e-01	3.714599609375000e-02
3499	9.090112714607903e-01	3.826293945312500e-02
3500	9.095936971663862e-01	3.690185546875000e-02
3501	9.104527584390184e-01	3.691406250000000e-02
3502	9.104730146632595e-01	3.574218750000000e-02
3503	9.102206502342423e-01	3.684082031250000e-02
3504	9.106899899123668e-01	3.607788085937500e-02
3505	9.103000775063940e-01	3.610229492187500e-02
3506	9.112643102757213e-01	3.654174804687500e-02
3507	9.104047428133764e-01	3.640747070312500e-02
3508	9.103534619089522e-01	3.597412109375000e-02
3509	9.105608825958682e-01	3.590087890625000e-02
3510	9.098656725083268e-01	3.594970703125000e-02
3511	9.103238350153985e-01	3.687133789062500e-02
3512	9.094813166754001e-01	3.710937500000000e-02
3513	9.092250724118812e-01	3.656616210937500e-02
3514	9.094898933403081e-01	3.778076171875000e-02
3515	9.099312637829606e-01	3.650512695312500e-02
3516	9.098080629392897e-01	3.596801757812500e-02
3517	9.101662596896515e-01	3.660888671875000e-02
3518	9.092765059756451e-01	3.721313476562500e-02
3519	9.088507622986420e-01	3.750610351562500e-02
3520	9.093079206003347e-01	3.677978515625000e-02
3521	9.100303944475375e-01	3.663330078125000e-02
3522	9.101309423501373e-01	3.742675781250000e-02
3523	9.097588936678592e-01	3.743896484375000e-02
3524	9.095807936431433e-01	3.728637695312500e-02
3525	9.100437195266546e-01	3.662109375000000e-02
3526	9.103664550117307e-01	3.600463867187500e-02
3527	9.111430460402761e-01	3.646850585937500e-02
3528	9.109759321128125e-01	3.652343750000000e-02
3529	9.110934659140087e-01	3.702392578125000e-02
3530	9.109516927562061e-01	3.617553710937500e-02
3531	9.116874811421619e-01	3.596191406250000e-02
3532	9.112646893606243e-01	3.736572265625000e-02
3533	9.111397191101819e-01	3.663330078125000e-02
3534	9.105950079813003e-01	3.720703125000000e-02
3535	9.103604644640827e-01	3.662719726562500e-02
3536	9.102364281417250e-01	3.741455078125000e-02
3537	9.096785790885273e-01	3.753662109375000e-02
3538	9.096168222670035e-01	3.660278320312500e-02
3539	9.086795947535752e-01	3.695068359375000e-02
3540	9.092761250811257e-01	3.820800781250000e-02
3541	9.104287603567410e-01	3.717041015625000e-02
3542	9.102368378704472e-01	3.654785156250000e-02
3543	9.099145427971762e-01	3.577880859375000e-02
3544	9.099779777204011e-01	3.715820312500000e-02
3545	9.100692703598687e-01	3.734741210937500e-02
3546	9.102893788980521e-01	3.613281250000000e-02
3547	9.096368238182100e-01	3.735961914062500e-02
3548	9.096565804896227e-01	3.827514648437500e-02
3549	9.104055995740604e-01	3.592529296875000e-02
3550	9.099824475440476e-01	3.663940429687500e-02
3551	9.094389027842197e-01	3.760375976562500e-02
3552	9.094266713476801e-01	3.732910156250000e-02
3553	9.080606418512605e-01	3.756713867187500e-02
3554	9.093383484694929e-01	3.689575195312500e-02
3555	9.098176435706753e-01	3.781738281250000e-02
3556	9.101225713939636e-01	3.760375976562500e-02
3557	9.099861440215342e-01	3.693237304687500e-02
3558	9.101249091807149e-01	3.720703125000000e-02
3559	9.099471017112735e-01	3.735351562500000e-02
3560	9.099673860634923e-01	3.689575195312500e-02
3561	9.104508773173365e-01	3.692626953125000e-02
3562	9.100435419624122e-01	3.622436523437500e-02
3563	9.109074751042799e-01	3.684692382812500e-02
3564	9.101680565786937e-01	3.739013671875000e-02
3565	9.106543884181723e-01	3.638305664062500e-02
3566	9.105350220555241e-01	3.617553710937500e-02
3567	9.106328431157200e-01	3.746337890625000e-02
3568	9.105769871176488e-01	3.577270507812500e-02
3569	9.104796954800404e-01	3.683471679687500e-02
3570	9.108861964370830e-01	3.711547851562500e-02
3571	9.104099617380728e-01	3.642578125000000e-02
3572	9.111760308342222e-01	3.651123046875000e-02
3573	9.108667457086875e-01	3.529663085937500e-02
3574	9.108523870264876e-01	3.634033203125000e-02
3575	9.106759858024063e-01	3.543090820312500e-02
3576	9.106934798598226e-01	3.671875000000000e-02
3577	9.114203290105024e-01	3.626708984375000e-02
3578	9.110003878474701e-01	3.627929687500000e-02
3579	9.113926833187164e-01	3.602905273437500e-02
3580	9.105062396792257e-01	3.691406250000000e-02
3581	9.106505647624853e-01	3.647460937500000e-02
3582	9.098722228032216e-01	3.605957031250000e-02
3583	9.108654091862797e-01	3.699340820312500e-02
3584	9.106788901171727e-01	3.579101562500000e-02
3585	9.105639924360949e-01	3.613281250000000e-02
3586	9.111750905123729e-01	3.613281250000000e-02
3587	9.107486920338950e-01	3.568725585937500e-02
3588	9.116416035638433e-01	3.551025390625000e-02
3589	9.116437985851480e-01	3.531494140625000e-02
3590	9.108359423399595e-01	3.505859375000000e-02
3591	9.103711491040521e-01	3.651733398437500e-02
3592	9.105248197514363e-01	3.617553710937500e-02
3593	9.110006383715765e-01	3.578491210937500e-02
3594	9.110340030994922e-01	3.544921875000000e-02
3595	9.112785972939625e-01	3.636474609375000e-02
3596	9.107217715718772e-01	3.605957031250000e-02
3597	9.114766040409755e-01	3.551635742187500e-02
3598	9.108136784742921e-01	3.586425781250000e-02
3599	9.110713165215673e-01	3.616333007812500e-02
3600	9.108337834663786e-01	3.629150390625000e-02
3601	9.107533101493019e-01	3.628540039062500e-02
3602	9.099294509603039e-01	3.739624023437500e-02
3603	9.100835447840407e-01	3.627319335937500e-02
3604	9.105365309249468e-01	3.727416992187500e-02
3605	9.106698906781080e-01	3.587036132812500e-02
3606	9.108419029633130e-01	3.573608398437500e-02
3607	9.115774172335041e-01	3.558349609375000e-02
3608	9.113581530426195e-01	3.608398437500000e-02
3609	9.114256108295059e-01	3.544311523437500e-02
3610	9.097782926491004e-01	3.655395507812500e-02
3611	9.104794530790209e-01	3.701171875000000e-02
3612	9.104087557051824e-01	3.576660156250000e-02
3613	9.107485206115342e-01	3.583984375000000e-02
3614	9.102632295846855e-01	3.696899414062500e-02
3615	9.105437711010188e-01	3.765869140625000e-02
3616	9.112167855065842e-01	3.663940429687500e-02
3617	9.100937338660192e-01	3.614501953125000e-02
3618	9.096335822605660e-01	3.738403320312500e-02
3619	9.096496918705365e-01	3.707275390625000e-02
3620	9.094419357357385e-01	3.776245117187500e-02
3621	9.097124163314443e-01	3.701782226562500e-02
3622	9.093401601903682e-01	3.764038085937500e-02
3623	9.093577412573876e-01	3.623657226562500e-02
3624	9.093036145208194e-01	3.662719726562500e-02
3625	9.099392514232089e-01	3.760986328125000e-02
3626	9.103695781365381e-01	3.631591796875000e-02
3627	9.105489022308144e-01	3.559570312500000e-02
3628	9.115535836644345e-01	3.513793945312500e-02
3629	9.102983940520687e-01	3.596191406250000e-02
3630	9.107805266309908e-01	3.551635742187500e-02
3631	9.107150545403159e-01	3.637084960937500e-02
3632	9.100197719399922e-01	3.649291992187500e-02
3633	9.093537308105017e-01	3.621826171875000e-02
3634	9.102252583498144e-01	3.677978515625000e-02
3635	9.107901349896294e-01	3.587036132812500e-02
3636	9.106127270747854e-01	3.626098632812500e-02
3637	9.101683690081588e-01	3.660278320312500e-02
3638	9.101148805340346e-01	3.638916015625000e-02
3639	9.103941629853388e-01	3.668823242187500e-02
3640	9.110441147173803e-01	3.592529296875000e-02
3641	9.102631554413317e-01	3.626098632812500e-02
3642	9.099579940192756e-01	3.720703125000000e-02
3643	9.109508958593341e-01	3.666992187500000e-02
3644	9.105814312484166e-01	3.608398437500000e-02
3645	9.104204896494306e-01	3.724975585937500e-02
3646	9.099755807795136e-01	3.586425781250000e-02
3647	9.101849801276339e-01	3.676757812500000e-02
3648	9.103411244585226e-01	3.596801757812500e-02
3649	9.096943807745012e-01	3.615112304687500e-02
3650	9.094151957470462e-01	3.745117187500000e-02
3651	9.093286304449232e-01	3.704833984375000e-02
3652	9.084173417349602e-01	3.752441406250000e-02
3653	9.088495285560132e-01	3.739013671875000e-02
3654	9.074955145558249e-01	3.821411132812500e-02
3655	9.089575481713594e-01	3.815917968750000e-02
3656	9.083485134599302e-01	3.712768554687500e-02
3657	9.092031252893382e-01	3.766479492187500e-02
3658	9.087685842693588e-01	3.662109375000000e-02
3659	9.096739714026691e-01	3.684082031250000e-02
3660	9.092817695114986e-01	3.623046875000000e-02
3661	9.092435191528194e-01	3.719482421875000e-02
3662	9.094089109303255e-01	3.740234375000000e-02
3663	9.093125595270508e-01	3.815917968750000e-02
3664	9.105006958907471e-01	3.612670898437500e-02
3665	9.106492833949239e-01	3.508911132812500e-02
3666	9.111552713843641e-01	3.587036132812500e-02
3667	9.105502277201283e-01	3.592529296875000e-02
3668	9.104069188899345e-01	3.561401367187500e-02
3669	9.106314763562383e-01	3.677978515625000e-02
3670	9.106427348002327e-01	3.685302734375000e-02
3671	9.107328505183250e-01	3.730468750000000e-02
3672	9.102167151322069e-01	3.687133789062500e-02
3673	9.098987510859402e-01	3.598632812500000e-02
3674	9.099844908822988e-01	3.665161132812500e-02
3675	9.101117593825045e-01	3.620605468750000e-02
3676	9.102013857643150e-01	3.696899414062500e-02
3677	9.102896823564666e-01	3.722534179687500e-02
3678	9.103716332046777e-01	3.712768554687500e-02
3679	9.098282903928222e-01	3.617553710937500e-02
3680	9.101615684369676e-01	3.740844726562500e-02
3681	9.103971721614103e-01	3.638305664062500e-02
3682	9.103294973029282e-01	3.613281250000000e-02
3683	9.098703005071688e-01	3.765869140625000e-02
3684	9.108753963519783e-01	3.641357421875000e-02
3685	9.101627366947183e-01	3.588867187500000e-02
3686	9.099582424372143e-01	3.659667968750000e-02
3687	9.097487919673147e-01	3.675537109375000e-02
3688	9.106867168413588e-01	3.618774414062500e-02
3689	9.118776704151651e-01	3.553466796875000e-02
3690	9.106802666342094e-01	3.554687500000000e-02
3691	9.105741893777942e-01	3.661499023437500e-02
3692	9.109619928020319e-01	3.663940429687500e-02
3693	9.102986059251724e-01	3.625488281250000e-02
3694	9.108072177975193e-01	3.585205078125000e-02
3695	9.108758632533730e-01	3.616333007812500e-02
3696	9.111068691825553e-01	3.581542968750000e-02
3697	9.109110630841463e-01	3.627319335937500e-02
3698	9.104105337046507e-01	3.695068359375000e-02
3699	9.094491482082598e-01	3.671264648437500e-02
3700	9.103110957387420e-01	3.764038085937500e-02
3701	9.098216125238383e-01	3.754882812500000e-02
3702	9.098358925117034e-01	3.712158203125000e-02
3703	9.097880265438492e-01	3.699951171875000e-02
3704	9.102589110471836e-01	3.726806640625000e-02
3705	9.113621003354023e-01	3.656616210937500e-02
3706	9.104311892848312e-01	3.673706054687500e-02
3707	9.107172499043212e-01	3.619995117187500e-02
3708	9.101097860982269e-01	3.607788085937500e-02
3709	9.110969869630035e-01	3.703002929687500e-02
3710	9.102690417728746e-01	3.593139648437500e-02
3711	9.104375474312900e-01	3.742065429687500e-02
3712	9.112271711113545e-01	3.588256835937500e-02
3713	9.098476111153303e-01	3.651733398437500e-02
3714	9.094292107344399e-01	3.775634765625000e-02
3715	9.088097808927915e-01	3.768310546875000e-02
3716	9.098883935630407e-01	3.684082031250000e-02
3717	9.096614291577739e-01	3.756103515625000e-02
3718	9.089409805698483e-01	3.722534179687500e-02
3719	9.092232600799613e-01	3.735351562500000e-02
3720	9.095522925709235e-01	3.710937500000000e-02
3721	9.093212612447887e-01	3.751831054687500e-02
3722	9.102040525253597e-01	3.696289062500000e-02
3723	9.102492500104572e-01	3.666381835937500e-02
3724	9.104260821359512e-01	3.630981445312500e-02
3725	9.096763799924821e-01	3.767089843750000e-02
3726	9.108022176250615e-01	3.667602539062500e-02
3727	9.098187408285886e-01	3.669433593750000e-02
3728	9.106441559656412e-01	3.676147460937500e-02
3729	9.103441747472005e-01	3.700561523437500e-02
3730	9.107523024013625e-01	3.695678710937500e-02
3731	9.099511719628279e-01	3.690185546875000e-02
3732	9.099573828325241e-01	3.718872070312500e-02
3733	9.110460206165037e-01	3.707885742187500e-02
3734	9.117527132767376e-01	3.552246093750000e-02
3735	9.109072940502765e-01	3.634643554687500e-02
3736	9.102080660713633e-01	3.589477539062500e-02
3737	9.103929719590086e-01	3.731079101562500e-02
3738	9.102374384007549e-01	3.696899414062500e-02
3739	9.110088050523529e-01	3.643188476562500e-02
3740	9.106415607268560e-01	3.612670898437500e-02
3741	9.096722272183705e-01	3.711547851562500e-02
3742	9.099710600924285e-01	3.663330078125000e-02
3743	9.099723918379703e-01	3.720703125000000e-02
3744	9.099767058911530e-01	3.711547851562500e-02
3745	9.100034955023704e-01	3.720703125000000e-02
3746	9.102424232029472e-01	3.703613281250000e-02
3747	9.106243381552787e-01	3.685302734375000e-02
3748	9.100843631515215e-01	3.692016601562500e-02
3749	9.106185896868030e-01	3.627319335937500e-02
3750	9.103148249348832e-01	3.710327148437500e-02
3751	9.103099809837544e-01	3.711547851562500e-02
3752	9.102394190955748e-01	3.578491210937500e-02
3753	9.103292908031252e-01	3.626708984375000e-02
3754	9.106069284320729e-01	3.616333007812500e-02
3755	9.114465313851486e-01	3.561401367187500e-02
3756	9.109574594729130e-01	3.574829101562500e-02
3757	9.115205345218446e-01	3.577270507812500e-02
3758	9.104544364830930e-01	3.637084960937500e-02
3759	9.104457028714812e-01	3.616943359375000e-02
3760	9.102744868031077e-01	3.658447265625000e-02
3761	9.110171952372892e-01	3.634643554687500e-02
3762	9.107835316019387e-01	3.560791015625000e-02
3763	9.107547156591208e-01	3.648071289062500e-02
3764	9.111560787198522e-01	3.610229492187500e-02
3765	9.106687582857482e-01	3.610839843750000e-02
3766	9.105282283906289e-01	3.598632812500000e-02
3767	9.109555575278055e-01	3.715820312500000e-02
3768	9.091510074039583e-01	3.697509765625000e-02
3769	9.099147263930055e-01	3.745727539062500e-02
3770	9.099645039240160e-01	3.737792968750000e-02
3771	9.097803464722007e-01	3.699951171875000e-02
3772	9.097632728340956e-01	3.683471679687500e-02
3773	9.104365180656516e-01	3.632202148437500e-02
3774	9.101087834791373e-01	3.693847656250000e-02
3775	9.094926541934388e-01	3.650512695312500e-02
3776	9.095249232684669e-01	3.763427734375000e-02
3777	9.106188757101874e-01	3.655395507812500e-02
3778	9.100876110477091e-01	3.639526367187500e-02
3779	9.112284643674734e-01	3.577880859375000e-02
3780	9.105201998265652e-01	3.724975585937500e-02
3781	9.103734104919131e-01	3.619384765625000e-02
3782	9.105294725093777e-01	3.704223632812500e-02
3783	9.103086164767533e-01	3.672485351562500e-02
3784	9.106913240136382e-01	3.680419921875000e-02
3785	9.097044580552507e-01	3.732299804687500e-02
3786	9.098153108159255e-01	3.670043945312500e-02
3787	9.099784611581808e-01	3.659057617187500e-02
3788	9.103779069264037e-01	3.648681640625000e-02
3789	9.105304550318346e-01	3.734130859375000e-02
3790	9.103036160161780e-01	3.754882812500000e-02
3791	9.108392878666703e-01	3.596801757812500e-02
3792	9.103923609558424e-01	3.568725585937500e-02
3793	9.109047864536057e-01	3.702392578125000e-02
3794	9.106492951822137e-01	3.592529296875000e-02
3795	9.102663677462181e-01	3.653564453125000e-02
3796	9.096525257509812e-01	3.679199218750000e-02
3797	9.103292822115788e-01	3.653564453125000e-02
3798	9.111660789472743e-01	3.588867187500000e-02
3799	9.113959372376668e-01	3.624267578125000e-02
3800	9.115845494868008e-01	3.640136718750000e-02
3801	9.108167934842674e-01	3.679809570312500e-02
3802	9.101658644964511e-01	3.585815429687500e-02
3803	9.102799730159160e-01	3.596801757812500e-02
3804	9.099877920937470e-01	3.762207031250000e-02
3805	9.113935599918351e-01	3.715209960937500e-02
3806	9.106211814650331e-01	3.562011718750000e-02
3807	9.103998046671854e-01	3.666381835937500e-02
3808	9.104237711867861e-01	3.662109375000000e-02
3809	9.104090523800598e-01	3.587036132812500e-02
3810	9.102265331661840e-01	3.644409179687500e-02
3811	9.105266864632894e-01	3.603515625000000e-02
3812	9.107231120017683e-01	3.752441406250000e-02
3813	9.103068173069433e-01	3.633422851562500e-02
3814	9.103958280894822e-01	3.710327148437500e-02
3815	9.101302761284087e-01	3.616333007812500e-02
3816	9.101775649477825e-01	3.645629882812500e-02
3817	9.096931254274044e-01	3.730468750000000e-02
3818	9.105832580800649e-01	3.670654296875000e-02
3819	9.106708194259912e-01	3.682861328125000e-02
3820	9.096263004312951e-01	3.656616210937500e-02
3821	9.098772858114023e-01	3.671264648437500e-02
3822	9.098000036462507e-01	3.771362304687500e-02
3823	9.100829665445569e-01	3.654785156250000e-02
3824	9.099047022614073e-01	3.765869140625000e-02
3825	9.094251180804226e-01	3.674926757812500e-02
3826	9.107671597745010e-01	3.714599609375000e-02
3827	9.108569327507938e-01	3.610229492187500e-02
3828	9.102082695371342e-01	3.609008789062500e-02
3829	9.096370653401847e-01	3.617553710937500e-02
3830	9.100041911326248e-01	3.768920898437500e-02
3831	9.106026351174971e-01	3.661499023437500e-02
3832	9.103602384372588e-01	3.626708984375000e-02
3833	9.097837666644719e-01	3.655395507812500e-02
3834	9.098684494745896e-01	3.614501953125000e-02
3835	9.098639718864407e-01	3.668212890625000e-02
3836	9.095137390137991e-01	3.656616210937500e-02
3837	9.096898443532485e-01	3.635864257812500e-02
3838	9.095054253428650e-01	3.614501953125000e-02
3839	9.094732647543716e-01	3.682250976562500e-02
3840	9.098171226047368e-01	3.618774414062500e-02
3841	9.109876019380588e-01	3.583374023437500e-02
3842	9.103957566285009e-01	3.667602539062500e-02
3843	9.101046266316458e-01	3.682861328125000e-02
3844	9.096985730358319e-01	3.715820312500000e-02
3845	9.106659901793615e-01	3.752441406250000e-02
3846	9.107342635290929e-01	3.637695312500000e-02
3847	9.094478481283340e-01	3.643798828125000e-02
3848	9.089599452368330e-01	3.674316406250000e-02
3849	9.095017819358683e-01	3.695678710937500e-02
3850	9.099327335524577e-01	3.648681640625000e-02
3851	9.088462531843815e-01	3.634643554687500e-02
3852	9.098165605646398e-01	3.677368164062500e-02
3853	9.104019338105882e-01	3.634643554687500e-02
3854	9.101230586716490e-01	3.787231445312500e-02
3855	9.104848412805669e-01	3.569335937500000e-02
3856	9.108459725756862e-01	3.677978515625000e-02
3857	9.097624315414116e-01	3.710937500000000e-02
3858	9.098534452959700e-01	3.754272460937500e-02
3859	9.089774975012869e-01	3.691406250000000e-02
3860	9.086413503022653e-01	3.688964843750000e-02
3861	9.080301794045905e-01	3.835449218750000e-02
3862	9.095166116775539e-01	3.844604492187500e-02
3863	9.098946765675602e-01	3.712768554687500e-02
3864	9.101590519039299e-01	3.641967773437500e-02
3865	9.101912810753111e-01	3.710937500000000e-02
3866	9.106115074718941e-01	3.727416992187500e-02
3867	9.110182045574872e-01	3.639526367187500e-02
3868	9.103617707436121e-01	3.662719726562500e-02
3869	9.099003347930941e-01	3.707275390625000e-02
3870	9.103143988455531e-01	3.616943359375000e-02
3871	9.101196047769869e-01	3.633422851562500e-02
3872	9.105806870465812e-01	3.687744140625000e-02
3873	9.098077065390564e-01	3.676757812500000e-02
3874	9.099773663766221e-01	3.571777343750000e-02
3875	9.104117317400781e-01	3.718261718750000e-02
3876	9.101435526483462e-01	3.626098632812500e-02
3877	9.100809592070539e-01	3.713989257812500e-02
3878	9.100826943411139e-01	3.666381835937500e-02
3879	9.099059781933660e-01	3.696289062500000e-02
3880	9.103096726868171e-01	3.618164062500000e-02
3881	9.101102872292338e-01	3.671875000000000e-02
3882	9.097115957585763e-01	3.682861328125000e-02
3883	9.098741858934710e-01	3.627319335937500e-02
3884	9.105605789746178e-01	3.746337890625000e-02
3885	9.103023275803239e-01	3.696289062500000e-02
3886	9.095755335181424e-01	3.581542968750000e-02
3887	9.094872139846238e-01	3.666381835937500e-02
3888	9.092191442448607e-01	3.620605468750000e-02
3889	9.097031010482882e-01	3.727416992187500e-02
3890	9.094012605903469e-01	3.723754882812500e-02
3891	9.095166554516571e-01	3.768920898437500e-02
3892	9.098951617839611e-01	3.673706054687500e-02
3893	9.096465904348409e-01	3.727416992187500e-02
3894	9.098847537661544e-01	3.717651367187500e-02
3895	9.094227507265885e-01	3.547363281250000e-02
3896	9.107821329745523e-01	3.654785156250000e-02
3897	9.108304895423301e-01	3.557128906250000e-02
3898	9.106098824171274e-01	3.644409179687500e-02
3899	9.104406556696448e-01	3.595581054687500e-02
3900	9.112581928173545e-01	3.686523437500000e-02
3901	9.099383270600758e-01	3.638916015625000e-02
3902	9.098569121629999e-01	3.647460937500000e-02
3903	9.105319795541433e-01	3.653564453125000e-02
3904	9.099647718207106e-01	3.612670898437500e-02
3905	9.101039460324319e-01	3.749389648437500e-02
3906	9.109925580945202e-01	3.670043945312500e-02
3907	9.101299809390926e-01	3.637695312500000e-02
3908	9.111365650171286e-01	3.633422851562500e-02
3909	9.097040387149996e-01	3.595581054687500e-02
3910	9.103576726802309e-01	3.664550781250000e-02
3911	9.107985621578720e-01	3.638916015625000e-02
3912	9.103341060489529e-01	3.587036132812500e-02
3913	9.096771654551685e-01	3.689575195312500e-02
3914	9.104129087803852e-01	3.676757812500000e-02
3915	9.103184478875832e-01	3.623657226562500e-02
3916	9.096034308535023e-01	3.613281250000000e-02
3917	9.100984538352899e-01	3.727416992187500e-02
3918	9.094044620681596e-01	3.665161132812500e-02
3919	9.099177976484704e-01	3.677368164062500e-02
3920	9.104754960847984e-01	3.704223632812500e-02
3921	9.104335921374983e-01	3.601074218750000e-02
3922	9.106310484206036e-01	3.696289062500000e-02
3923	9.106919455833675e-01	3.757324218750000e-02
3924	9.092793651587865e-01	3.666992187500000e-02
3925	9.097691554527375e-01	3.653564453125000e-02
3926	9.099332203118636e-01	3.681030273437500e-02
3927	9.101802992620343e-01	3.668212890625000e-02
3928	9.098968609287068e-01	3.634643554687500e-02
3929	9.104869999334452e-01	3.687744140625000e-02
3930	9.098808926338998e-01	3.759155273437500e-02
3931	9.096516498723702e-01	3.657226562500000e-02
3932	9.102824595322607e-01	3.700561523437500e-02
3933	9.100582285426202e-01	3.689575195312500e-02
3934	9.100658978741579e-01	3.648071289062500e-02
3935	9.101002079301979e-01	3.704833984375000e-02
3936	9.098883417075417e-01	3.696899414062500e-02
3937	9.101392562800926e-01	3.746337890625000e-02
3938	9.097420997180689e-01	3.715209960937500e-02
3939	9.092928712798182e-01	3.726806640625000e-02
3940	9.088672863436189e-01	3.734741210937500e-02
3941	9.093633879272103e-01	3.741455078125000e-02
3942	9.087822749853532e-01	3.784179687500000e-02
3943	9.090084345255094e-01	3.750610351562500e-02
3944	9.091068346101441e-01	3.724975585937500e-02
3945	9.082248138775816e-01	3.817749023437500e-02
3946	9.079692049049527e-01	3.753662109375000e-02
3947	9.080771055822084e-01	3.823242187500000e-02
3948	9.087352352409189e-01	3.735961914062500e-02
3949	9.090724262291889e-01	3.793945312500000e-02
3950	9.078425455166518e-01	3.723144531250000e-02
3951	9.084156656677318e-01	3.873291015625000e-02
3952	9.085410887152930e-01	3.798217773437500e-02
3953	9.092763551996178e-01	3.765258789062500e-02
3954	9.091317999066392e-01	3.701171875000000e-02
3955	9.093064110252215e-01	3.651123046875000e-02
3956	9.096276034689930e-01	3.665771484375000e-02
3957	9.085189705206735e-01	3.743896484375000e-02
3958	9.087830276809084e-01	3.798828125000000e-02
3959	9.092070213035993e-01	3.746337890625000e-02
3960	9.092444140487584e-01	3.649902343750000e-02
3961	9.102976421728561e-01	3.670043945312500e-02
3962	9.105269934995897e-01	3.677368164062500e-02
3963	9.090611694022491e-01	3.652343750000000e-02
3964	9.094528316005831e-01	3.856811523437500e-02
3965	9.095743825342444e-01	3.635864257812500e-02
3966	9.096491243559409e-01	3.804931640625000e-02
3967	9.099182326881800e-01	3.762207031250000e-02
3968	9.101237399864992e-01	3.723754882812500e-02
3969	9.097761542911158e-01	3.683471679687500e-02
3970	9.101864975323748e-01	3.572387695312500e-02
3971	9.098109404330351e-01	3.744506835937500e-02
3972	9.092483230036142e-01	3.816528320312500e-02
3973	9.096183624702601e-01	3.684082031250000e-02
3974	9.090356335701499e-01	3.724365234375000e-02
3975	9.096512846982284e-01	3.696899414062500e-02
3976	9.097795172868280e-01	3.692626953125000e-02
3977	9.094728877355780e-01	3.671875000000000e-02
3978	9.095579056734522e-01	3.784179687500000e-02
3979	9.091631198915477e-01	3.699340820312500e-02
3980	9.096355799962977e-01	3.709716796875000e-02
3981	9.099147270786117e-01	3.659667968750000e-02
3982	9.093626661957056e-01	3.609008789062500e-02
3983	9.090352063475223e-01	3.814086914062500e-02
3984	9.089504478515543e-01	3.708496093750000e-02
3985	9.097352613876398e-01	3.772583007812500e-02
3986	9.101388785138699e-01	3.651123046875000e-02
3987	9.098972050312965e-01	3.673706054687500e-02
3988	9.093427499034487e-01	3.721923828125000e-02
3989	9.092635154412668e-01	3.784790039062500e-02
3990	9.092073965489934e-01	3.749389648437500e-02
3991	9.089596491948244e-01	3.739013671875000e-02
3992	9.102413284462941e-01	3.664550781250000e-02
3993	9.108823740456402e-01	3.651123046875000e-02
3994	9.113873931259601e-01	3.660888671875000e-02
3995	9.107345584323365e-01	3.587646484375000e-02
3996	9.110259371285676e-01	3.592529296875000e-02
3997	9.108648737493854e-01	3.692016601562500e-02
3998	9.103405346924943e-01	3.554687500000000e-02
3999	9.107762002327707e-01	3.669433593750000e-02
4000	9.106523462075186e-01	3.696899414062500e-02
4001	9.110552576458618e-01	3.646850585937500e-02
4002	9.107725971413396e-01	3.641967773437500e-02
4003	9.107277073798338e-01	3.609008789062500e-02
4004	9.098842094626013e-01	3.634033203125000e-02
4005	9.102271509338257e-01	3.800048828125000e-02
4006	9.094143541596863e-01	3.745727539062500e-02
4007	9.097530862960229e-01	3.741455078125000e-02
4008	9.101793622140860e-01	3.661499023437500e-02
4009	9.103456287101058e-01	3.660888671875000e-02
4010	9.107791278827618e-01	3.610839843750000e-02
4011	9.106551512535762e-01	3.732299804687500e-02
4012	9.096578709644239e-01	3.666992187500000e-02
4013	9.083497243784215e-01	3.628540039062500e-02
4014	9.096870506467472e-01	3.738403320312500e-02
4015	9.095810252075635e-01	3.672485351562500e-02
4016	9.099212581188404e-01	3.735351562500000e-02
4017	9.091743815276655e-01	3.778076171875000e-02
4018	9.093705718461598e-01	3.791503906250000e-02
4019	9.096223790736069e-01	3.673706054687500e-02
4020	9.105811512065990e-01	3.664550781250000e-02
4021	9.110706417596420e-01	3.619995117187500e-02
4022	9.106971565197651e-01	3.522338867187500e-02
4023	9.103175934134450e-01	3.615722656250000e-02
4024	9.098666091267064e-01	3.675537109375000e-02
4025	9.101473826449401e-01	3.752441406250000e-02
4026	9.101889410659290e-01	3.659667968750000e-02
4027	9.099238180331932e-01	3.638916015625000e-02
4028	9.098525451989072e-01	3.719482421875000e-02
4029	9.092723822254439e-01	3.693847656250000e-02
4030	9.081975327653736e-01	3.741455078125000e-02
4031	9.095094312001434e-01	3.760375976562500e-02
4032	9.094116753121949e-01	3.656616210937500e-02
4033	9.096671068573187e-01	3.786621093750000e-02
4034	9.091736741943254e-01	3.696899414062500e-02
4035	9.101355355017616e-01	3.634643554687500e-02
4036	9.100291626950671e-01	3.656005859375000e-02
4037	9.097303482035888e-01	3.793334960937500e-02
4038	9.104902081968625e-01	3.720092773437500e-02
4039	9.100933333674179e-01	3.705444335937500e-02
4040	9.103053187093376e-01	3.663330078125000e-02
4041	9.101304398909221e-01	3.754272460937500e-02
4042	9.100408505954761e-01	3.758544921875000e-02
4043	9.101841712626767e-01	3.693847656250000e-02
4044	9.103550860782139e-01	3.640747070312500e-02
4045	9.103027571510099e-01	3.655395507812500e-02
4046	9.103461623967806e-01	3.631591796875000e-02
4047	9.110205745311760e-01	3.599853515625000e-02
4048	9.097092264512453e-01	3.599243164062500e-02
4049	9.093201818709239e-01	3.713989257812500e-02
4050	9.094067520186031e-01	3.646240234375000e-02
4051	9.098884320622457e-01	3.739624023437500e-02
4052	9.109459737548088e-01	3.615722656250000e-02
4053	9.105625452614295e-01	3.665161132812500e-02
4054	9.103458542972503e-01	3.507080078125000e-02
4055	9.097257297758046e-01	3.615722656250000e-02
4056	9.098082341490747e-01	3.713378906250000e-02
4057	9.104222918679805e-01	3.677978515625000e-02
4058	9.104084606693732e-01	3.598022460937500e-02
4059	9.092551750958306e-01	3.751220703125000e-02
4060	9.096945850679209e-01	3.720703125000000e-02
4061	9.086023826286570e-01	3.811035156250000e-02
4062	9.089352346339216e-01	3.704223632812500e-02
4063	9.089705170422256e-01	3.768310546875000e-02
4064	9.094702379162447e-01	3.718872070312500e-02
4065	9.099835466448517e-01	3.723144531250000e-02
4066	9.101621254742356e-01	3.566894531250000e-02
4067	9.105060122186787e-01	3.597412109375000e-02
4068	9.105533433338459e-01	3.627929687500000e-02
4069	9.102259948126368e-01	3.573608398437500e-02
4070	9.092011024167403e-01	3.748168945312500e-02
4071	9.094666427514025e-01	3.826293945312500e-02
4072	9.098007264409921e-01	3.795166015625000e-02
4073	9.100597378479628e-01	3.706665039062500e-02
4074	9.104862261189752e-01	3.638916015625000e-02
4075	9.108852266492461e-01	3.580932617187500e-02
4076	9.106246636072507e-01	3.646240234375000e-02
4077	9.098354248185316e-01	3.721313476562500e-02
4078	9.098086358288451e-01	3.867797851562500e-02
4079	9.104369534992217e-01	3.767089843750000e-02
4080	9.093740839790221e-01	3.572998046875000e-02
4081	9.096108063959378e-01	3.742065429687500e-02
4082	9.097908814773342e-01	3.779907226562500e-02
4083	9.105033862899368e-01	3.660888671875000e-02
4084	9.092973641022457e-01	3.676147460937500e-02
4085	9.095444891968804e-01	3.700561523437500e-02
4086	9.104555504718039e-01	3.626708984375000e-02
4087	9.110618769947035e-01	3.649291992187500e-02
4088	9.103920986645884e-01	3.686523437500000e-02
4089	9.103321705025595e-01	3.662719726562500e-02
4090	9.114241328837985e-01	3.662719726562500e-02
4091	9.107140174720793e-01	3.645629882812500e-02
4092	9.110600530167458e-01	3.610229492187500e-02
4093	9.115240640840675e-01	3.582153320312500e-02
4094	9.111116632270542e-01	3.670043945312500e-02
4095	9.106773690480031e-01	3.641357421875000e-02
4096	9.097880441466372e-01	3.725585937500000e-02
4097	9.094955829303625e-01	3.716430664062500e-02
4098	9.096957897325736e-01	3.757934570312500e-02
4099	9.097564571199573e-01	3.654174804687500e-02
4100	9.096462389563348e-01	3.737182617187500e-02
4101	9.100913845255637e-01	3.745117187500000e-02
4102	9.110964340999613e-01	3.582763671875000e-02
4103	9.113240625574868e-01	3.675537109375000e-02
4104	9.097452507313236e-01	3.787841796875000e-02
4105	9.101103782237211e-01	3.597412109375000e-02
4106	9.097472097566572e-01	3.741455078125000e-02
4107	9.094612305457422e-01	3.771362304687500e-02
4108	9.097394523315718e-01	3.720092773437500e-02
4109	9.097840012770725e-01	3.642578125000000e-02
4110	9.090340474889028e-01	3.732910156250000e-02
4111	9.090549539291412e-01	3.750000000000000e-02
4112	9.097293051820343e-01	3.824462890625000e-02
4113	9.091162143847592e-01	3.693847656250000e-02
4114	9.081642790531270e-01	3.822631835937500e-02
4115	9.099607383838584e-01	3.705444335937500e-02
4116	9.095770684270170e-01	3.724975585937500e-02
4117	9.099197974772379e-01	3.713378906250000e-02
4118	9.096333855453764e-01	3.686523437500000e-02
4119	9.091928263339452e-01	3.672485351562500e-02
4120	9.097385015726074e-01	3.660888671875000e-02
4121	9.093297427748678e-01	3.611450195312500e-02
4122	9.088348781242447e-01	3.739013671875000e-02
4123	9.083806283148265e-01	3.770141601562500e-02
4124	9.089133552323481e-01	3.772583007812500e-02
4125	9.090376936844194e-01	3.715820312500000e-02
4126	9.092594048776390e-01	3.777465820312500e-02
4127	9.090178654392352e-01	3.678588867187500e-02
4128	9.090748314613095e-01	3.641967773437500e-02
4129	9.090810615883980e-01	3.828125000000000e-02
4130	9.095713399992119e-01	3.733520507812500e-02
4131	9.093168828173589e-01	3.726806640625000e-02
4132	9.096273355431550e-01	3.681640625000000e-02
4133	9.094147845450835e-01	3.696289062500000e-02
4134	9.098307932117177e-01	3.773803710937500e-02
4135	9.095489974785328e-01	3.747558593750000e-02
4136	9.095377620820372e-01	3.703002929687500e-02
4137	9.102373086833414e-01	3.692016601562500e-02
4138	9.101555889937317e-01	3.631591796875000e-02
4139	9.094054986056214e-01	3.641357421875000e-02
4140	9.102252587183929e-01	3.757934570312500e-02
4141	9.100899696196673e-01	3.719482421875000e-02
4142	9.110725444033630e-01	3.598632812500000e-02
4143	9.101386719470989e-01	3.526611328125000e-02
4144	9.103012043159698e-01	3.678588867187500e-02
4145	9.103115263661850e-01	3.615722656250000e-02
4146	9.100411869184346e-01	3.606567382812500e-02
4147	9.090214035329723e-01	3.764648437500000e-02
4148	9.088871931125936e-01	3.750000000000000e-02
4149	9.091921367076771e-01	3.676757812500000e-02
4150	9.094623441678253e-01	3.717041015625000e-02
4151	9.104326150411319e-01	3.762207031250000e-02
4152	9.106547285645107e-01	3.612060546875000e-02
4153	9.106810274925167e-01	3.677978515625000e-02
4154	9.105564077113631e-01	3.748168945312500e-02
4155	9.104205887890955e-01	3.589477539062500e-02
4156	9.104575274977175e-01	3.671264648437500e-02
4157	9.101557069880895e-01	3.697509765625000e-02
4158	9.094682755645908e-01	3.661499023437500e-02
4159	9.096277390455465e-01	3.645629882812500e-02
4160	9.092205066712694e-01	3.649291992187500e-02
4161	9.092702165083909e-01	3.735961914062500e-02
4162	9.095081930551362e-01	3.754882812500000e-02
4163	9.103958299808902e-01	3.710937500000000e-02
4164	9.109504430595018e-01	3.684082031250000e-02
4165	9.106189702458898e-01	3.640136718750000e-02
4166	9.109387965663339e-01	3.642578125000000e-02
4167	9.114322792055907e-01	3.561401367187500e-02
4168	9.104845811482917e-01	3.555908203125000e-02
4169	9.107021562776557e-01	3.626708984375000e-02
4170	9.107047269045494e-01	3.618164062500000e-02
4171	9.098410991292313e-01	3.646850585937500e-02
4172	9.102247537665210e-01	3.670654296875000e-02
4173	9.105366314331537e-01	3.563842773437500e-02
4174	9.108761739461898e-01	3.606567382812500e-02
4175	9.106036074686440e-01	3.638305664062500e-02
4176	9.098671344716558e-01	3.736572265625000e-02
4177	9.098536458312508e-01	3.633422851562500e-02
4178	9.098063500274289e-01	3.810424804687500e-02
4179	9.096252057524857e-01	3.710937500000000e-02
4180	9.105811955126554e-01	3.726806640625000e-02
4181	9.105486980091418e-01	3.568115234375000e-02
4182	9.103129299513241e-01	3.682250976562500e-02
4183	9.107979092548476e-01	3.697509765625000e-02
4184	9.101546290499135e-01	3.736572265625000e-02
4185	9.106972519143089e-01	3.721923828125000e-02
4186	9.102038718743523e-01	3.714599609375000e-02
4187	9.093146793710876e-01	3.771362304687500e-02
4188	9.093424510944551e-01	3.689575195312500e-02
4189	9.084542743189994e-01	3.854980468750000e-02
4190	9.091928344966650e-01	3.801269531250000e-02
4191	9.098721714551231e-01	3.670654296875000e-02
4192	9.098449056053272e-01	3.701171875000000e-02
4193	9.090566675329224e-01	3.782348632812500e-02
4194	9.101885817686745e-01	3.728637695312500e-02
4195	9.110619413021549e-01	3.687133789062500e-02
4196	9.110735104449147e-01	3.590698242187500e-02
4197	9.102688336969190e-01	3.601074218750000e-02
4198	9.106959044193316e-01	3.629150390625000e-02
4199	9.106606504367666e-01	3.551025390625000e-02
4200	9.101429403280054e-01	3.629150390625000e-02
4201	9.105664557892541e-01	3.555297851562500e-02
4202	9.102346484864055e-01	3.677368164062500e-02
4203	9.104151368388594e-01	3.720703125000000e-02
4204	9.099988166147938e-01	3.612060546875000e-02
4205	9.094799226980292e-01	3.733520507812500e-02
4206	9.107310256059119e-01	3.753051757812500e-02
4207	9.101013836914696e-01	3.710937500000000e-02
4208	9.107789746890614e-01	3.687744140625000e-02
4209	9.108809002492384e-01	3.594970703125000e-02
4210	9.110460096968939e-01	3.623657226562500e-02
4211	9.105813850715947e-01	3.648071289062500e-02
4212	9.107848600595617e-01	3.692626953125000e-02
4213	9.101040836344240e-01	3.615722656250000e-02
4214	9.108518835162170e-01	3.559570312500000e-02
4215	9.100156351913929e-01	3.690185546875000e-02
4216	9.102517758896896e-01	3.699340820312500e-02
4217	9.108395899887981e-01	3.576660156250000e-02
4218	9.106615011234886e-01	3.634643554687500e-02
4219	9.100792632635799e-01	3.676757812500000e-02
4220	9.100941682665975e-01	3.591308593750000e-02
4221	9.097589988214576e-01	3.757324218750000e-02
4222	9.097842373594153e-01	3.724975585937500e-02
4223	9.108055970502856e-01	3.714599609375000e-02
4224	9.108342554780980e-01	3.576660156250000e-02
4225	9.107056987201343e-01	3.684082031250000e-02
4226	9.104121967522146e-01	3.593139648437500e-02
4227	9.105682080872713e-01	3.698730468750000e-02
4228	9.111567519520513e-01	3.686523437500000e-02
4229	9.099912509553452e-01	3.613891601562500e-02
4230	9.101461639139298e-01	3.679809570312500e-02
4231	9.105089312740269e-01	3.605957031250000e-02
4232	9.101994152968650e-01	3.731079101562500e-02
4233	9.101616189760456e-01	3.601684570312500e-02
4234	9.102575149064110e-01	3.762207031250000e-02
4235	9.101808130093708e-01	3.626708984375000e-02
4236	9.099963160557892e-01	3.622436523437500e-02
4237	9.103326377041289e-01	3.750000000000000e-02
4238	9.105073012319432e-01	3.645629882812500e-02
4239	9.106463493610938e-01	3.685913085937500e-02
4240	9.100924652971213e-01	3.594360351562500e-02
4241	9.095857738782686e-01	3.761596679687500e-02
4242	9.102864618727772e-01	3.640747070312500e-02
4243	9.112827567870546e-01	3.660888671875000e-02
4244	9.105917725248226e-01	3.589477539062500e-02
4245	9.107789147066964e-01	3.743286132812500e-02
4246	9.100361648704735e-01	3.723144531250000e-02
4247	9.104700327127165e-01	3.658447265625000e-02
4248	9.103580002437006e-01	3.709716796875000e-02
4249	9.100771568099794e-01	3.590698242187500e-02
4250	9.098131807245812e-01	3.605346679687500e-02
4251	9.100208463190619e-01	3.639526367187500e-02
4252	9.097485354990832e-01	3.687744140625000e-02
4253	9.094972101350324e-01	3.703002929687500e-02
4254	9.097211596350797e-01	3.666992187500000e-02
4255	9.099447012118707e-01	3.718261718750000e-02
4256	9.087014665112969e-01	3.634643554687500e-02
4257	9.091731797208388e-01	3.835449218750000e-02
4258	9.095162649776601e-01	3.760375976562500e-02
4259	9.094151718964011e-01	3.722534179687500e-02
4260	9.089117531322771e-01	3.768920898437500e-02
4261	9.095633049709604e-01	3.771362304687500e-02
4262	9.094337429067353e-01	3.736572265625000e-02
4263	9.098103926238285e-01	3.745117187500000e-02
4264	9.098136132268709e-01	3.716430664062500e-02
4265	9.100066561945815e-01	3.688354492187500e-02
4266	9.101884975065341e-01	3.684692382812500e-02
4267	9.106592095103577e-01	3.746337890625000e-02
4268	9.098477740106397e-01	3.630981445312500e-02
4269	9.096928329576581e-01	3.676147460937500e-02
4270	9.096242484458198e-01	3.739624023437500e-02
4271	9.097574807663795e-01	3.671264648437500e-02
4272	9.096825621684115e-01	3.593750000000000e-02
4273	9.095639561558760e-01	3.783569335937500e-02
4274	9.081934673831338e-01	3.813476562500000e-02
4275	9.085443541031593e-01	3.893432617187500e-02
4276	9.092725256876749e-01	3.756713867187500e-02
4277	9.095104730439556e-01	3.745727539062500e-02
4278	9.087681026337667e-01	3.737182617187500e-02
4279	9.095907606336767e-01	3.629760742187500e-02
4280	9.093482686974675e-01	3.728027343750000e-02
4281	9.097676873553718e-01	3.754882812500000e-02
4282	9.097421415040944e-01	3.784179687500000e-02
4283	9.094773461546873e-01	3.714599609375000e-02
4284	9.097001574852576e-01	3.662719726562500e-02
4285	9.090086841191223e-01	3.705444335937500e-02
4286	9.088375383632142e-01	3.835449218750000e-02
4287	9.096222837626727e-01	3.704833984375000e-02
4288	9.095316394209805e-01	3.732299804687500e-02
4289	9.103575951370462e-01	3.783569335937500e-02
4290	9.112318749678554e-01	3.616943359375000e-02
4291	9.104156174743118e-01	3.630371093750000e-02
4292	9.104361211706925e-01	3.667602539062500e-02
4293	9.103444468253982e-01	3.579101562500000e-02
4294	9.102314817140158e-01	3.720703125000000e-02
4295	9.104361744652927e-01	3.687133789062500e-02
4296	9.113824253982544e-01	3.676147460937500e-02
4297	9.109656236921334e-01	3.643188476562500e-02
4298	9.108517222088617e-01	3.659057617187500e-02
4299	9.106516664662503e-01	3.634643554687500e-02
4300	9.095737063365815e-01	3.609619140625000e-02
4301	9.103745561789757e-01	3.722534179687500e-02
4302	9.101143982386728e-01	3.655395507812500e-02
4303	9.091928472153907e-01	3.728637695312500e-02
4304	9.091556939603201e-01	3.684082031250000e-02
4305	9.093776161371916e-01	3.782348632812500e-02
4306	9.085717069871744e-01	3.847656250000000e-02
4307	9.097594413656572e-01	3.697509765625000e-02
4308	9.111616793395565e-01	3.659667968750000e-02
4309	9.115870416612876e-01	3.748168945312500e-02
4310	9.113356634131810e-01	3.695068359375000e-02
4311	9.105402503509327e-01	3.731079101562500e-02
4312	9.105544676681663e-01	3.641967773437500e-02
4313	9.099752137753577e-01	3.706054687500000e-02
4314	9.098146737010805e-01	3.731689453125000e-02
4315	9.100752089613179e-01	3.692016601562500e-02
4316	9.100694018038941e-01	3.651733398437500e-02
4317	9.098509292943479e-01	3.732299804687500e-02
4318	9.103195969441745e-01	3.667602539062500e-02
4319	9.100357493892628e-01	3.718261718750000e-02
4320	9.105600887120199e-01	3.681640625000000e-02
4321	9.100142496227090e-01	3.596191406250000e-02
4322	9.108815554189892e-01	3.806762695312500e-02
4323	9.102384101074056e-01	3.637695312500000e-02
4324	9.099280074968269e-01	3.759765625000000e-02
4325	9.101916574000932e-01	3.627929687500000e-02
4326	9.097815476590888e-01	3.652954101562500e-02
4327	9.090253917759777e-01	3.728027343750000e-02
4328	9.093517819498791e-01	3.747558593750000e-02
4329	9.100967137012591e-01	3.623657226562500e-02
4330	9.099154282751715e-01	3.733520507812500e-02
4331	9.099616440434449e-01	3.630981445312500e-02
4332	9.104092779480402e-01	3.688964843750000e-02
4333	9.097859699337686e-01	3.684692382812500e-02
4334	9.100497952643144e-01	3.775024414062500e-02
4335	9.099208243669730e-01	3.789062500000000e-02
4336	9.100317763557300e-01	3.710327148437500e-02
4337	9.098309021166013e-01	3.760375976562500e-02
4338	9.107427019773180e-01	3.728027343750000e-02
4339	9.094742802166516e-01	3.760986328125000e-02
4340	9.103468740313532e-01	3.815307617187500e-02
4341	9.102807992121184e-01	3.681030273437500e-02
4342	9.101078367258491e-01	3.666992187500000e-02
4343	9.099885336689163e-01	3.681030273437500e-02
4344	9.096622050197843e-01	3.705444335937500e-02
4345	9.097481566027003e-01	3.750610351562500e-02
4346	9.095111637102113e-01	3.764038085937500e-02
4347	9.096972040500222e-01	3.685302734375000e-02
4348	9.097731791776370e-01	3.719482421875000e-02
4349	9.098514707055232e-01	3.615722656250000e-02
4350	9.112035895211593e-01	3.604736328125000e-02
4351	9.113653871212269e-01	3.566894531250000e-02
4352	9.104945235878290e-01	3.698730468750000e-02
4353	9.112767839023957e-01	3.551635742187500e-02
4354	9.104832955360663e-01	3.682861328125000e-02
4355	9.103227355686713e-01	3.663940429687500e-02
4356	9.095525294902816e-01	3.692626953125000e-02
4357	9.108205536588269e-01	3.619995117187500e-02
4358	9.113060061738502e-01	3.619384765625000e-02
4359	9.107450482736263e-01	3.676147460937500e-02
4360	9.101926257700347e-01	3.679199218750000e-02
4361	9.109557337181832e-01	3.740844726562500e-02
4362	9.106712606654642e-01	3.654785156250000e-02
4363	9.101115445966029e-01	3.752441406250000e-02
4364	9.094073012863828e-01	3.687133789062500e-02
4365	9.098502711271603e-01	3.668212890625000e-02
4366	9.100344335262068e-01	3.673706054687500e-02
4367	9.092758671662068e-01	3.771362304687500e-02
4368	9.099864827471632e-01	3.712158203125000e-02
4369	9.107433172899840e-01	3.724975585937500e-02
4370	9.103763171993610e-01	3.701171875000000e-02
4371	9.096987471280215e-01	3.575439453125000e-02
4372	9.105320254610967e-01	3.692016601562500e-02
4373	9.099412251074354e-01	3.674926757812500e-02
4374	9.104437129060012e-01	3.701171875000000e-02
4375	9.105669538269155e-01	3.699340820312500e-02
4376	9.105833916855145e-01	3.644409179687500e-02
4377	9.097574567853668e-01	3.744506835937500e-02
4378	9.095523577449695e-01	3.774414062500000e-02
4379	9.088653264912191e-01	3.724365234375000e-02
4380	9.084586106750941e-01	3.869018554687500e-02
4381	9.095726758399492e-01	3.811035156250000e-02
4382	9.094929641491488e-01	3.726806640625000e-02
4383	9.095731536093062e-01	3.749389648437500e-02
4384	9.091993621988447e-01	3.746337890625000e-02
4385	9.090575041008729e-01	3.726806640625000e-02
4386	9.091914295163604e-01	3.787841796875000e-02
4387	9.091044747018686e-01	3.767700195312500e-02
4388	9.092174935571394e-01	3.786621093750000e-02
4389	9.099735856662368e-01	3.676757812500000e-02
4390	9.101849521285459e-01	3.635253906250000e-02
4391	9.100498750961559e-01	3.750610351562500e-02
4392	9.104887249731674e-01	3.742065429687500e-02
4393	9.104025208411867e-01	3.723754882812500e-02
4394	9.105952837441519e-01	3.565673828125000e-02
4395	9.103997567636314e-01	3.650512695312500e-02
4396	9.098756999331071e-01	3.641967773437500e-02
4397	9.106820711083575e-01	3.566894531250000e-02
4398	9.098075403420524e-01	3.646240234375000e-02
4399	9.100558303114862e-01	3.653564453125000e-02
4400	9.102779783346026e-01	3.742065429687500e-02
4401	9.095537467845922e-01	3.771362304687500e-02
4402	9.101540357753115e-01	3.718261718750000e-02
4403	9.100029962478002e-01	3.619384765625000e-02
4404	9.097155734987435e-01	3.644409179687500e-02
4405	9.089976135277439e-01	3.706665039062500e-02
4406	9.089696731077378e-01	3.815307617187500e-02
4407	9.095142466503745e-01	3.749389648437500e-02
4408	9.102212112864366e-01	3.764038085937500e-02
4409	9.104698224530704e-01	3.603515625000000e-02
4410	9.095126125526347e-01	3.680419921875000e-02
4411	9.093469933634227e-01	3.741455078125000e-02
4412	9.090580687959117e-01	3.782348632812500e-02
4413	9.095312451874795e-01	3.757934570312500e-02
4414	9.102498358412028e-01	3.708496093750000e-02
4415	9.092596508335659e-01	3.676147460937500e-02
4416	9.091163790278137e-01	3.785400390625000e-02
4417	9.101935573750447e-01	3.635864257812500e-02
4418	9.089998008504058e-01	3.699340820312500e-02
4419	9.091180621596026e-01	3.747558593750000e-02
4420	9.089271362745155e-01	3.722534179687500e-02
4421	9.093899204518108e-01	3.772583007812500e-02
4422	9.089441205778400e-01	3.654174804687500e-02
4423	9.096012405492725e-01	3.732299804687500e-02
4424	9.100838826835504e-01	3.787841796875000e-02
4425	9.099225148796188e-01	3.719482421875000e-02
4426	9.096837699845065e-01	3.704833984375000e-02
4427	9.101658738305037e-01	3.641967773437500e-02
4428	9.112129750522776e-01	3.726806640625000e-02
4429	9.104682742548423e-01	3.677978515625000e-02
4430	9.103791843972373e-01	3.720703125000000e-02
4431	9.102176995905557e-01	3.745117187500000e-02
4432	9.107107026274791e-01	3.609619140625000e-02
4433	9.105387104404158e-01	3.740234375000000e-02
4434	9.105810942172162e-01	3.621826171875000e-02
4435	9.117408175369056e-01	3.549194335937500e-02
4436	9.111016672639883e-01	3.647460937500000e-02
4437	9.107450083925954e-01	3.690795898437500e-02
4438	9.106093396892466e-01	3.615722656250000e-02
4439	9.104757983693245e-01	3.654174804687500e-02
4440	9.106003277930627e-01	3.674926757812500e-02
4441	9.105489945069541e-01	3.613281250000000e-02
4442	9.106174177655957e-01	3.682250976562500e-02
4443	9.105391635022181e-01	3.721923828125000e-02
4444	9.104786834861774e-01	3.566894531250000e-02
4445	9.102062343535900e-01	3.640136718750000e-02
4446	9.101044136479653e-01	3.716430664062500e-02
4447	9.100170516842386e-01	3.725585937500000e-02
4448	9.091262645943372e-01	3.712158203125000e-02
4449	9.096509864439385e-01	3.722534179687500e-02
4450	9.101486272828758e-01	3.681030273437500e-02
4451	9.102565683287461e-01	3.515014648437500e-02
4452	9.107467465956818e-01	3.688964843750000e-02
4453	9.101293178515649e-01	3.808593750000000e-02
4454	9.102827625870745e-01	3.596191406250000e-02
4455	9.097539332600949e-01	3.635253906250000e-02
4456	9.097389337358277e-01	3.620605468750000e-02
4457	9.089585923122562e-01	3.791503906250000e-02
4458	9.088865779560077e-01	3.763427734375000e-02
4459	9.094694281944958e-01	3.686523437500000e-02
4460	9.099231012950594e-01	3.770141601562500e-02
4461	9.101467817968634e-01	3.657226562500000e-02
4462	9.103878342161952e-01	3.557739257812500e-02
4463	9.101377778910963e-01	3.727416992187500e-02
4464	9.090080308189110e-01	3.767089843750000e-02
4465	9.086322033520898e-01	3.799438476562500e-02
4466	9.094698291734719e-01	3.817749023437500e-02
4467	9.101397151895688e-01	3.632812500000000e-02
4468	9.101646867999454e-01	3.742065429687500e-02
4469	9.104263585060849e-01	3.585205078125000e-02
4470	9.096024519222500e-01	3.682861328125000e-02
4471	9.107979913590120e-01	3.704223632812500e-02
4472	9.097592375149123e-01	3.629150390625000e-02
4473	9.087989315126107e-01	3.798828125000000e-02
4474	9.094244071294745e-01	3.701171875000000e-02
4475	9.093223109621630e-01	3.709106445312500e-02
4476	9.089780533974788e-01	3.682861328125000e-02
4477	9.089676323539178e-01	3.706665039062500e-02
4478	9.094902989319146e-01	3.818359375000000e-02
4479	9.098429128622306e-01	3.630981445312500e-02
4480	9.095932070535028e-01	3.708496093750000e-02
4481	9.097984745863738e-01	3.788452148437500e-02
4482	9.098208178097863e-01	3.775024414062500e-02
4483	9.096923932717442e-01	3.632812500000000e-02
4484	9.100416056121398e-01	3.694458007812500e-02
4485	9.107545495939978e-01	3.615722656250000e-02
4486	9.098672764443561e-01	3.590087890625000e-02
4487	9.101088472276051e-01	3.693847656250000e-02
4488	9.100125169147323e-01	3.710937500000000e-02
4489	9.107999044337630e-01	3.591918945312500e-02
4490	9.102288527628429e-01	3.613891601562500e-02
4491	9.102952840959114e-01	3.588867187500000e-02
4492	9.102195710393407e-01	3.749389648437500e-02
4493	9.102738843848086e-01	3.631591796875000e-02
4494	9.116145973852717e-01	3.554687500000000e-02
4495	9.107558175832341e-01	3.542480468750000e-02
4496	9.107911856549840e-01	3.683471679687500e-02
4497	9.104158317867604e-01	3.668823242187500e-02
4498	9.097260655708275e-01	3.622436523437500e-02
4499	9.092520708795370e-01	3.735961914062500e-02
4500	9.099034889314782e-01	3.771362304687500e-02
4501	9.096021912896287e-01	3.658447265625000e-02
4502	9.095369625833870e-01	3.733520507812500e-02
4503	9.089420360940537e-01	3.881225585937500e-02
4504	9.091563588618167e-01	3.773803710937500e-02
4505	9.094581689942994e-01	3.763427734375000e-02
4506	9.094539815490701e-01	3.726806640625000e-02
4507	9.087470208433990e-01	3.673706054687500e-02
4508	9.087944481517253e-01	3.675537109375000e-02
4509	9.089643174708349e-01	3.811645507812500e-02
4510	9.091172300439943e-01	3.757934570312500e-02
4511	9.094297783426675e-01	3.721313476562500e-02
4512	9.094379054938826e-01	3.674926757812500e-02
4513	9.097573008759415e-01	3.734741210937500e-02
4514	9.101130912978550e-01	3.641967773437500e-02
4515	9.100868842869742e-01	3.565063476562500e-02
4516	9.100344580395386e-01	3.557128906250000e-02
4517	9.100916707922043e-01	3.665771484375000e-02
4518	9.091417552288225e-01	3.738403320312500e-02
4519	9.095978986861745e-01	3.734741210937500e-02
4520	9.094194234695100e-01	3.718872070312500e-02
4521	9.097002028083797e-01	3.702392578125000e-02
4522	9.098382833891768e-01	3.706665039062500e-02
4523	9.089080603156660e-01	3.839111328125000e-02
4524	9.088704063544917e-01	3.746948242187500e-02
4525	9.090518120653265e-01	3.809204101562500e-02
4526	9.098634881057154e-01	3.787231445312500e-02
4527	9.101624037674260e-01	3.630981445312500e-02
4528	9.107402603540202e-01	3.707885742187500e-02
4529	9.106110237945124e-01	3.730468750000000e-02
4530	9.107793754953577e-01	3.575439453125000e-02
4531	9.108647447541703e-01	3.568725585937500e-02
4532	9.106345328743757e-01	3.613281250000000e-02
4533	9.108998641402519e-01	3.651733398437500e-02
4534	9.103306657892064e-01	3.615722656250000e-02
4535	9.097006455188553e-01	3.686523437500000e-02
4536	9.104619089985938e-01	3.742065429687500e-02
4537	9.113077253097405e-01	3.663940429687500e-02
4538	9.108590798473603e-01	3.472900390625000e-02
4539	9.100060276133837e-01	3.738403320312500e-02
4540	9.098378187832304e-01	3.671264648437500e-02
4541	9.095918801416890e-01	3.715820312500000e-02
4542	9.097423941550361e-01	3.738403320312500e-02
4543	9.096658492101019e-01	3.723144531250000e-02
4544	9.099897555308657e-01	3.685913085937500e-02
4545	9.096805599613017e-01	3.577880859375000e-02
4546	9.105264957332323e-01	3.723144531250000e-02
4547	9.106453637493391e-01	3.696289062500000e-02
4548	9.108210531600157e-01	3.643188476562500e-02
4549	9.106277041702727e-01	3.685302734375000e-02
4550	9.107985618113857e-01	3.618774414062500e-02
4551	9.105413451868865e-01	3.573608398437500e-02
4552	9.100972727223993e-01	3.696289062500000e-02
4553	9.092171564014938e-01	3.770751953125000e-02
4554	9.095630548413217e-01	3.655395507812500e-02
4555	9.105312850875928e-01	3.588867187500000e-02
4556	9.102604175842394e-01	3.693847656250000e-02
4557	9.112832904335016e-01	3.637084960937500e-02
4558	9.110838556041090e-01	3.616943359375000e-02
4559	9.105465523789663e-01	3.660278320312500e-02
4560	9.098814677935608e-01	3.661499023437500e-02
4561	9.096756417202808e-01	3.796386718750000e-02
4562	9.100454776283486e-01	3.688354492187500e-02
4563	9.109773678322326e-01	3.562622070312500e-02
4564	9.102959364670445e-01	3.700561523437500e-02
4565	9.107215909836089e-01	3.583984375000000e-02
4566	9.102413656238370e-01	3.762817382812500e-02
4567	9.112626114997312e-01	3.605957031250000e-02
4568	9.108473627054865e-01	3.663940429687500e-02
4569	9.102383060646725e-01	3.617553710937500e-02
4570	9.109753995723812e-01	3.621215820312500e-02
4571	9.114792932258725e-01	3.553466796875000e-02
4572	9.106430560652132e-01	3.569946289062500e-02
4573	9.106207955862925e-01	3.712768554687500e-02
4574	9.105227713626755e-01	3.703613281250000e-02
4575	9.104379422966017e-01	3.619995117187500e-02
4576	9.101207287346754e-01	3.648071289062500e-02
4577	9.104899995752929e-01	3.714599609375000e-02
4578	9.107948489112184e-01	3.608398437500000e-02
4579	9.104699727832851e-01	3.649902343750000e-02
4580	9.103310050790587e-01	3.653564453125000e-02
4581	9.112247056984736e-01	3.559570312500000e-02
4582	9.102119234910985e-01	3.686523437500000e-02
4583	9.100325133814714e-01	3.687744140625000e-02
4584	9.105515193640080e-01	3.603515625000000e-02
4585	9.101460547802901e-01	3.591308593750000e-02
4586	9.102826085498729e-01	3.667602539062500e-02
4587	9.105237657686572e-01	3.706054687500000e-02
4588	9.107246193036196e-01	3.551635742187500e-02
4589	9.103519336177159e-01	3.628540039062500e-02
4590	9.103400274150957e-01	3.690185546875000e-02
4591	9.101462889413181e-01	3.628540039062500e-02
4592	9.095304605117221e-01	3.750000000000000e-02
4593	9.104370319832444e-01	3.755493164062500e-02
4594	9.096682337473229e-01	3.692626953125000e-02
4595	9.103243225114411e-01	3.812255859375000e-02
4596	9.108037465046870e-01	3.648071289062500e-02
4597	9.101658771204822e-01	3.584594726562500e-02
4598	9.103799212135643e-01	3.724365234375000e-02
4599	9.092046591958765e-01	3.669433593750000e-02
4600	9.088793312041656e-01	3.703002929687500e-02
4601	9.088735784103367e-01	3.695678710937500e-02
4602	9.097359082357935e-01	3.762817382812500e-02
4603	9.100374519168954e-01	3.692626953125000e-02
4604	9.102954307295602e-01	3.668823242187500e-02
4605	9.110329289929253e-01	3.707885742187500e-02
4606	9.101372522287944e-01	3.698120117187500e-02
4607	9.088881983472632e-01	3.685913085937500e-02
4608	9.089582982228134e-01	3.820800781250000e-02
4609	9.094643294333841e-01	3.748168945312500e-02
4610	9.097880880080248e-01	3.712768554687500e-02
4611	9.091714026724124e-01	3.852539062500000e-02
4612	9.090099359840761e-01	3.726196289062500e-02
4613	9.088307893710036e-01	3.658447265625000e-02
4614	9.087853788347204e-01	3.722534179687500e-02
4615	9.088767881858234e-01	3.800659179687500e-02
4616	9.085177016859074e-01	3.828735351562500e-02
4617	9.099187165839190e-01	3.826293945312500e-02
4618	9.092811776742294e-01	3.671875000000000e-02
4619	9.088556356686417e-01	3.801269531250000e-02
4620	9.098256529944432e-01	3.670654296875000e-02
4621	9.098957687241750e-01	3.652343750000000e-02
4622	9.094852845747577e-01	3.779296875000000e-02
4623	9.099584252198856e-01	3.678588867187500e-02
4624	9.092660904108382e-01	3.726196289062500e-02
4625	9.098652605400658e-01	3.660888671875000e-02
4626	9.100250984441880e-01	3.646850585937500e-02
4627	9.090607068383441e-01	3.717651367187500e-02
4628	9.097420750029777e-01	3.778686523437500e-02
4629	9.097763985829271e-01	3.674316406250000e-02
4630	9.099517371933211e-01	3.789672851562500e-02
4631	9.091439612424832e-01	3.773193359375000e-02
4632	9.096760602989113e-01	3.699340820312500e-02
4633	9.095076150876235e-01	3.666381835937500e-02
4634	9.097398431895188e-01	3.682861328125000e-02
4635	9.099915535747239e-01	3.619995117187500e-02
4636	9.102415116529844e-01	3.679809570312500e-02
4637	9.093763375402629e-01	3.726196289062500e-02
4638	9.088495930446308e-01	3.760986328125000e-02
4639	9.095179817347887e-01	3.754882812500000e-02
4640	9.100597809933538e-01	3.764648437500000e-02
4641	9.091894551739171e-01	3.642578125000000e-02
4642	9.095172315758550e-01	3.766479492187500e-02
4643	9.104899844343869e-01	3.623046875000000e-02
4644	9.108122490215930e-01	3.685913085937500e-02
4645	9.101925417827813e-01	3.644409179687500e-02
4646	9.102549271219208e-01	3.752441406250000e-02
4647	9.107726878417912e-01	3.645019531250000e-02
4648	9.106160653602230e-01	3.693237304687500e-02
4649	9.111660473656769e-01	3.634033203125000e-02
4650	9.102898197265331e-01	3.645629882812500e-02
4651	9.094320025829470e-01	3.610839843750000e-02
4652	9.102206667572496e-01	3.737182617187500e-02
4653	9.099045011723361e-01	3.667602539062500e-02
4654	9.109048902819600e-01	3.704223632812500e-02
4655	9.108849541621319e-01	3.700561523437500e-02
4656	9.112597259901913e-01	3.711547851562500e-02
4657	9.110326293385480e-01	3.572387695312500e-02
4658	9.105586260336439e-01	3.699951171875000e-02
4659	9.102666425546048e-01	3.751220703125000e-02
4660	9.099548188917983e-01	3.745117187500000e-02
4661	9.100958135480931e-01	3.629150390625000e-02
4662	9.100095692468920e-01	3.815917968750000e-02
4663	9.102151535869004e-01	3.717041015625000e-02
4664	9.097205439201467e-01	3.719482421875000e-02
4665	9.106645549681119e-01	3.721313476562500e-02
4666	9.102641672686557e-01	3.569335937500000e-02
4667	9.101464476922735e-01	3.702392578125000e-02
4668	9.099388538792345e-01	3.732910156250000e-02
4669	9.102748909371342e-01	3.698730468750000e-02
4670	9.106110165476085e-01	3.649291992187500e-02
4671	9.100929195455983e-01	3.672485351562500e-02
4672	9.105509161278689e-01	3.681030273437500e-02
4673	9.102052835017339e-01	3.651733398437500e-02
4674	9.103314983048474e-01	3.662719726562500e-02
4675	9.098455618097278e-01	3.731689453125000e-02
4676	9.107461171750808e-01	3.666992187500000e-02
4677	9.104391637158327e-01	3.640747070312500e-02
4678	9.104944639725634e-01	3.695678710937500e-02
4679	9.109011010370570e-01	3.668823242187500e-02
4680	9.109189483229517e-01	3.609619140625000e-02
4681	9.114401217266375e-01	3.565673828125000e-02
4682	9.110369278885312e-01	3.561401367187500e-02
4683	9.100605383617567e-01	3.679199218750000e-02
4684	9.091354672993259e-01	3.739624023437500e-02
4685	9.094912893091721e-01	3.691406250000000e-02
4686	9.100443999212837e-01	3.707275390625000e-02
4687	9.102696489027893e-01	3.630371093750000e-02
4688	9.095832341632449e-01	3.767700195312500e-02
4689	9.097898815427939e-01	3.693847656250000e-02
4690	9.107168208535872e-01	3.671875000000000e-02
4691	9.103697546710278e-01	3.604125976562500e-02
4692	9.101845524100410e-01	3.646850585937500e-02
4693	9.100398485479722e-01	3.648681640625000e-02
4694	9.101248927793774e-01	3.706054687500000e-02
4695	9.099910894378679e-01	3.642578125000000e-02
4696	9.102983513654435e-01	3.619995117187500e-02
4697	9.102199809571837e-01	3.598022460937500e-02
4698	9.099715168957866e-01	3.728637695312500e-02
4699	9.101213399903990e-01	3.613891601562500e-02
4700	9.099949874044765e-01	3.630981445312500e-02
4701	9.098884398388232e-01	3.673706054687500e-02
4702	9.098502873416988e-01	3.731079101562500e-02
4703	9.096862327037232e-01	3.733520507812500e-02
4704	9.091763356692271e-01	3.657836914062500e-02
4705	9.093996788152942e-01	3.677978515625000e-02
4706	9.093916345486880e-01	3.703613281250000e-02
4707	9.098942618757885e-01	3.638305664062500e-02
4708	9.101432699214764e-01	3.696899414062500e-02
4709	9.089390109192920e-01	3.743286132812500e-02
4710	9.094687502678586e-01	3.745727539062500e-02
4711	9.097863952219613e-01	3.757934570312500e-02
4712	9.093159867795636e-01	3.712158203125000e-02
4713	9.088690862018814e-01	3.727416992187500e-02
4714	9.101894795864026e-01	3.704223632812500e-02
4715	9.104104888091458e-01	3.657226562500000e-02
4716	9.098839205082286e-01	3.555908203125000e-02
4717	9.098687428343909e-01	3.692016601562500e-02
4718	9.100739220624136e-01	3.593750000000000e-02
4719	9.104969164239677e-01	3.656616210937500e-02
4720	9.103470362638238e-01	3.608398437500000e-02
4721	9.107231567583310e-01	3.754272460937500e-02
4722	9.097907370842289e-01	3.723144531250000e-02
4723	9.102143146936617e-01	3.723754882812500e-02
4724	9.103976754982135e-01	3.621215820312500e-02
4725	9.109756058800870e-01	3.589477539062500e-02
4726	9.106018706426741e-01	3.663940429687500e-02
4727	9.100192562446985e-01	3.652954101562500e-02
4728	9.096592606824504e-01	3.740844726562500e-02
4729	9.096362790124330e-01	3.753051757812500e-02
4730	9.094836444558562e-01	3.745727539062500e-02
4731	9.091814274674817e-01	3.730468750000000e-02
4732	9.097270597382683e-01	3.557128906250000e-02
4733	9.091813554005364e-01	3.643188476562500e-02
4734	9.094753558857426e-01	3.721923828125000e-02
4735	9.096538014048593e-01	3.735351562500000e-02
4736	9.104440437908718e-01	3.596801757812500e-02
4737	9.092783557489400e-01	3.742065429687500e-02
4738	9.092066644038551e-01	3.668212890625000e-02
4739	9.091371953123210e-01	3.696899414062500e-02
4740	9.093659876773166e-01	3.732910156250000e-02
4741	9.090508633072547e-01	3.762817382812500e-02
4742	9.096602730450734e-01	3.652343750000000e-02
4743	9.092938557612579e-01	3.657836914062500e-02
4744	9.089864041362290e-01	3.750610351562500e-02
4745	9.083656959814178e-01	3.761596679687500e-02
4746	9.086141462908272e-01	3.710327148437500e-02
4747	9.088980915502242e-01	3.751831054687500e-02
4748	9.090057478941914e-01	3.820800781250000e-02
4749	9.091840823403724e-01	3.709716796875000e-02
4750	9.096562876668216e-01	3.734130859375000e-02
4751	9.098780574507038e-01	3.743896484375000e-02
4752	9.103955601320347e-01	3.653564453125000e-02
4753	9.099965181433552e-01	3.674926757812500e-02
4754	9.095297166967105e-01	3.611450195312500e-02
4755	9.101406574177356e-01	3.679199218750000e-02
4756	9.102789170648301e-01	3.678588867187500e-02
4757	9.093395998089289e-01	3.699951171875000e-02
4758	9.093766375216611e-01	3.751220703125000e-02
4759	9.097747431551010e-01	3.572387695312500e-02
4760	9.108391992175396e-01	3.647460937500000e-02
4761	9.097221104795009e-01	3.612060546875000e-02
4762	9.095873932325930e-01	3.745727539062500e-02
4763	9.098526361515495e-01	3.713989257812500e-02
4764	9.104157259146962e-01	3.668823242187500e-02
4765	9.102504023019692e-01	3.654174804687500e-02
4766	9.099097810880220e-01	3.652954101562500e-02
4767	9.098787801433871e-01	3.712768554687500e-02
4768	9.104829682560426e-01	3.720703125000000e-02
4769	9.106000619877298e-01	3.689575195312500e-02
4770	9.110273262919503e-01	3.580932617187500e-02
4771	9.101368375606006e-01	3.583374023437500e-02
4772	9.092773673891344e-01	3.665771484375000e-02
4773	9.093354002412871e-01	3.717041015625000e-02
4774	9.095791990189518e-01	3.742065429687500e-02
4775	9.091097275006289e-01	3.698730468750000e-02
4776	9.097304610384689e-01	3.729248046875000e-02
4777	9.090295694034166e-01	3.823852539062500e-02
4778	9.093673205749139e-01	3.696899414062500e-02
4779	9.098066423484318e-01	3.698730468750000e-02
4780	9.098693428978831e-01	3.698730468750000e-02
4781	9.100912328082394e-01	3.687744140625000e-02
4782	9.102884372336458e-01	3.763427734375000e-02
4783	9.111398871841474e-01	3.612670898437500e-02
4784	9.109092171118330e-01	3.601074218750000e-02
4785	9.113644578665671e-01	3.600463867187500e-02
4786	9.109764685231402e-01	3.610229492187500e-02
4787	9.098546170009808e-01	3.692626953125000e-02
4788	9.101155844238905e-01	3.748779296875000e-02
4789	9.100302254798674e-01	3.706054687500000e-02
4790	9.099712300820522e-01	3.733520507812500e-02
4791	9.101892220599200e-01	3.706665039062500e-02
4792	9.106783054351936e-01	3.630981445312500e-02
4793	9.106080449673349e-01	3.658447265625000e-02
4794	9.105999676475002e-01	3.671264648437500e-02
4795	9.107436982793001e-01	3.662719726562500e-02
4796	9.111327428258814e-01	3.683471679687500e-02
4797	9.113359879231830e-01	3.441162109375000e-02
4798	9.106487930538569e-01	3.667602539062500e-02
4799	9.105235329836657e-01	3.748168945312500e-02
4800	9.099935865617049e-01	3.674316406250000e-02
4801	9.101738019104899e-01	3.731689453125000e-02
4802	9.107732961343350e-01	3.616333007812500e-02
4803	9.097272236982946e-01	3.566284179687500e-02
4804	9.103235863512001e-01	3.685302734375000e-02
4805	9.107178534886016e-01	3.632202148437500e-02
4806	9.109290818178911e-01	3.569335937500000e-02
4807	9.107757679947487e-01	3.640747070312500e-02
4808	9.102909903185052e-01	3.612670898437500e-02
4809	9.111006722704772e-01	3.701171875000000e-02
4810	9.111322490379644e-01	3.568115234375000e-02
4811	9.114438887159531e-01	3.502807617187500e-02
4812	9.106632409377520e-01	3.549804687500000e-02
4813	9.094903083680266e-01	3.546142578125000e-02
4814	9.109644811930803e-01	3.625488281250000e-02
4815	9.107821677704625e-01	3.637084960937500e-02
4816	9.109130161490321e-01	3.627929687500000e-02
4817	9.113000801964904e-01	3.611450195312500e-02
4818	9.108588676403850e-01	3.593750000000000e-02
4819	9.110008916139430e-01	3.649291992187500e-02
4820	9.105162234358612e-01	3.605957031250000e-02
4821	9.108907681608671e-01	3.672485351562500e-02
4822	9.116635750210288e-01	3.606567382812500e-02
4823	9.113057838912625e-01	3.553466796875000e-02
4824	9.105474798471690e-01	3.567504882812500e-02
4825	9.109543322309515e-01	3.678588867187500e-02
4826	9.104537065737889e-01	3.677978515625000e-02
4827	9.103653948366319e-01	3.703002929687500e-02
4828	9.104727029112811e-01	3.607788085937500e-02
4829	9.101102359526935e-01	3.673706054687500e-02
4830	9.103375790077636e-01	3.709716796875000e-02
4831	9.105192402685089e-01	3.662719726562500e-02
4832	9.105136280886263e-01	3.730468750000000e-02
4833	9.102257461989033e-01	3.624877929687500e-02
4834	9.101943587736168e-01	3.722534179687500e-02
4835	9.104712186271051e-01	3.595581054687500e-02
4836	9.111266240498205e-01	3.623046875000000e-02
4837	9.106071896069455e-01	3.591308593750000e-02
4838	9.101709168170808e-01	3.656005859375000e-02
4839	9.099516508346625e-01	3.739013671875000e-02
4840	9.106155002848467e-01	3.665771484375000e-02
4841	9.107502661548459e-01	3.558349609375000e-02
4842	9.113507878697021e-01	3.558959960937500e-02
4843	9.111397956398611e-01	3.569946289062500e-02
4844	9.109212512470162e-01	3.547363281250000e-02
4845	9.107587173313282e-01	3.629150390625000e-02
4846	9.101825764884354e-01	3.685913085937500e-02
4847	9.097241863922693e-01	3.624267578125000e-02
4848	9.105255309773442e-01	3.618164062500000e-02
4849	9.107357930378736e-01	3.612670898437500e-02
4850	9.107812485598260e-01	3.648071289062500e-02
4851	9.100950970580053e-01	3.635864257812500e-02
4852	9.100378502871872e-01	3.689575195312500e-02
4853	9.101581754414031e-01	3.767700195312500e-02
4854	9.107810078876285e-01	3.757934570312500e-02
4855	9.100004583946547e-01	3.671875000000000e-02
4856	9.097001765538205e-01	3.761596679687500e-02
4857	9.101124988211367e-01	3.745117187500000e-02
4858	9.098473592195693e-01	3.648071289062500e-02
4859	9.102668194379661e-01	3.698120117187500e-02
4860	9.096166607817554e-01	3.646850585937500e-02
4861	9.095374975228029e-01	3.783569335937500e-02
4862	9.094377896737537e-01	3.767700195312500e-02
4863	9.096546371139413e-01	3.763427734375000e-02
4864	9.100431206443168e-01	3.605346679687500e-02
4865	9.106121197092479e-01	3.673095703125000e-02
4866	9.099666112098963e-01	3.658447265625000e-02
4867	9.096555286327762e-01	3.641357421875000e-02
4868	9.095216100345302e-01	3.777465820312500e-02
4869	9.111052042774559e-01	3.648071289062500e-02
4870	9.109238120314324e-01	3.698730468750000e-02
4871	9.118950737451058e-01	3.552246093750000e-02
4872	9.115357975843166e-01	3.636474609375000e-02
4873	9.110119633212652e-01	3.623046875000000e-02
4874	9.102009432018455e-01	3.702392578125000e-02
4875	9.102268648012452e-01	3.748779296875000e-02
4876	9.091381619902711e-01	3.738403320312500e-02
4877	9.091106368759472e-01	3.797607421875000e-02
4878	9.087848225235176e-01	3.731079101562500e-02
4879	9.103157232010596e-01	3.585815429687500e-02
4880	9.099847600134211e-01	3.626098632812500e-02
4881	9.096586876258285e-01	3.785400390625000e-02
4882	9.099490756059924e-01	3.750610351562500e-02
4883	9.100751576990168e-01	3.689575195312500e-02
4884	9.098981675358364e-01	3.638305664062500e-02
4885	9.095570581148639e-01	3.721313476562500e-02
4886	9.095670932818628e-01	3.733520507812500e-02
4887	9.094661781135502e-01	3.788452148437500e-02
4888	9.097258327178394e-01	3.753051757812500e-02
4889	9.085108442505567e-01	3.641357421875000e-02
4890	9.093310446045532e-01	3.729858398437500e-02
4891	9.096245193068877e-01	3.651733398437500e-02
4892	9.102975915384436e-01	3.692016601562500e-02
4893	9.104436663849973e-01	3.598022460937500e-02
4894	9.106866502857484e-01	3.627319335937500e-02
4895	9.104777054695932e-01	3.586425781250000e-02
4896	9.093464613039351e-01	3.671264648437500e-02
4897	9.092908689698636e-01	3.723754882812500e-02
4898	9.089080586008037e-01	3.783569335937500e-02
4899	9.096641154404285e-01	3.777465820312500e-02
4900	9.093956250644504e-01	3.671264648437500e-02
4901	9.101372873959602e-01	3.689575195312500e-02
4902	9.109530619267123e-01	3.658447265625000e-02
4903	9.106433592502715e-01	3.609619140625000e-02
4904	9.103017171613178e-01	3.550415039062500e-02
4905	9.099409200887170e-01	3.596801757812500e-02
4906	9.110072945835942e-01	3.684692382812500e-02
4907	9.104650460573649e-01	3.629760742187500e-02
4908	9.092094206183542e-01	3.705444335937500e-02
4909	9.096469421812933e-01	3.687744140625000e-02
4910	9.095180727913204e-01	3.811645507812500e-02
4911	9.099555883712651e-01	3.707885742187500e-02
4912	9.090814960429303e-01	3.661499023437500e-02
4913	9.094425019896694e-01	3.823242187500000e-02
4914	9.096847578737729e-01	3.734741210937500e-02
4915	9.102210076900742e-01	3.710327148437500e-02
4916	9.097051862661293e-01	3.656005859375000e-02
4917	9.094470557349609e-01	3.681030273437500e-02
4918	9.107418722550139e-01	3.642578125000000e-02
4919	9.109041912284265e-01	3.632812500000000e-02
4920	9.107488571109137e-01	3.735961914062500e-02
4921	9.109444030277994e-01	3.659667968750000e-02
4922	9.108586838945008e-01	3.615722656250000e-02
4923	9.101575784488042e-01	3.538208007812500e-02
4924	9.096005298996920e-01	3.745117187500000e-02
4925	9.088503392576389e-01	3.787231445312500e-02
4926	9.088104621374312e-01	3.869628906250000e-02
4927	9.092395631201641e-01	3.831787109375000e-02
4928	9.101489554250314e-01	3.655395507812500e-02
4929	9.110914875721328e-01	3.730468750000000e-02
4930	9.104893079716677e-01	3.557739257812500e-02
4931	9.102927247044336e-01	3.634643554687500e-02
4932	9.099951222071598e-01	3.732910156250000e-02
4933	9.094311188571308e-01	3.759155273437500e-02
4934	9.098229144266763e-01	3.769531250000000e-02
4935	9.107902892161409e-01	3.667602539062500e-02
4936	9.097219373943619e-01	3.656616210937500e-02
4937	9.090943753417583e-01	3.603515625000000e-02
4938	9.095558337490504e-01	3.788452148437500e-02
4939	9.100227789384326e-01	3.695678710937500e-02
4940	9.099612062140440e-01	3.666381835937500e-02
4941	9.104378048341273e-01	3.729858398437500e-02
4942	9.104519326617773e-01	3.730468750000000e-02
4943	9.105935340483331e-01	3.654785156250000e-02
4944	9.102994304506876e-01	3.666992187500000e-02
4945	9.097269661811141e-01	3.690185546875000e-02
4946	9.105352209758512e-01	3.707275390625000e-02
4947	9.110573618027619e-01	3.695068359375000e-02
4948	9.115046291901217e-01	3.591308593750000e-02
4949	9.116785151689345e-01	3.529663085937500e-02
4950	9.098663400819264e-01	3.577880859375000e-02
4951	9.098367917759401e-01	3.675537109375000e-02
4952	9.096455969665289e-01	3.677368164062500e-02
4953	9.094070186865369e-01	3.641967773437500e-02
4954	9.099754616722669e-01	3.640747070312500e-02
4955	9.097041010279181e-01	3.699951171875000e-02
4956	9.096954575805604e-01	3.732910156250000e-02
4957	9.099735439322791e-01	3.745117187500000e-02
4958	9.102463190459926e-01	3.682861328125000e-02
4959	9.096886801933720e-01	3.649291992187500e-02
4960	9.098157816861058e-01	3.761596679687500e-02
4961	9.096008143088796e-01	3.670043945312500e-02
4962	9.101418292189996e-01	3.642578125000000e-02
4963	9.106950717014363e-01	3.665161132812500e-02
4964	9.106877800899219e-01	3.618164062500000e-02
4965	9.109636463354455e-01	3.599853515625000e-02
4966	9.107608156533105e-01	3.598022460937500e-02
4967	9.101615300632936e-01	3.596801757812500e-02
4968	9.093886194190381e-01	3.685913085937500e-02
4969	9.097767859042006e-01	3.753051757812500e-02
4970	9.098585981680892e-01	3.712768554687500e-02
4971	9.090669542982178e-01	3.795776367187500e-02
4972	9.086520209070820e-01	3.784179687500000e-02
4973	9.087873279347979e-01	3.754882812500000e-02
4974	9.095305051121882e-01	3.743896484375000e-02
4975	9.086956384947474e-01	3.687744140625000e-02
4976	9.101057376316813e-01	3.638305664062500e-02
4977	9.093368947775814e-01	3.758544921875000e-02
4978	9.097398197518204e-01	3.723754882812500e-02
4979	9.099008590688603e-01	3.696899414062500e-02
4980	9.089427015160289e-01	3.737792968750000e-02
4981	9.087626712071429e-01	3.709106445312500e-02
4982	9.096794812750483e-01	3.724365234375000e-02
4983	9.101871230411948e-01	3.685302734375000e-02
4984	9.101481788277646e-01	3.704833984375000e-02
4985	9.094847228100656e-01	3.689575195312500e-02
4986	9.085998190404818e-01	3.739013671875000e-02
4987	9.093922291539331e-01	3.663330078125000e-02
4988	9.096902322701692e-01	3.712768554687500e-02
4989	9.098506358520781e-01	3.826293945312500e-02
4990	9.092623408409036e-01	3.769531250000000e-02
4991	9.096171903775746e-01	3.707885742187500e-02
4992	9.092783312933975e-01	3.725585937500000e-02
4993	9.085229484033269e-01	3.707885742187500e-02
4994	9.097191801274042e-01	3.684082031250000e-02
4995	9.103101672799924e-01	3.739013671875000e-02
4996	9.100485601726830e-01	3.649902343750000e-02
4997	9.091160834644295e-01	3.671875000000000e-02
4998	9.098905530559950e-01	3.650512695312500e-02
4999	9.105880180971823e-01	3.671264648437500e-02
5000	9.102966984154973e-01	3.674316406250000e-02
5001	9.093038198976000e-01	3.590087890625000e-02
5002	9.095701755752142e-01	3.601684570312500e-02
5003	9.100440400852198e-01	3.706054687500000e-02
5004	9.094603640241671e-01	3.605957031250000e-02
5005	9.096208029017174e-01	3.626098632812500e-02
5006	9.102353161964242e-01	3.638305664062500e-02
5007	9.108261154484013e-01	3.627319335937500e-02
5008	9.106108071652477e-01	3.731079101562500e-02
5009	9.095386008711515e-01	3.688964843750000e-02
5010	9.094975755515823e-01	3.719482421875000e-02
5011	9.100488604023154e-01	3.727416992187500e-02
5012	9.102036615056410e-01	3.754882812500000e-02
5013	9.103324444705999e-01	3.698730468750000e-02
5014	9.104098451762325e-01	3.782958984375000e-02
5015	9.094007365202521e-01	3.725585937500000e-02
5016	9.092439780185869e-01	3.704223632812500e-02
5017	9.093174652944919e-01	3.739013671875000e-02
5018	9.097423640366787e-01	3.739013671875000e-02
5019	9.104742990922308e-01	3.696289062500000e-02
5020	9.108130781585538e-01	3.668212890625000e-02
5021	9.105902568208518e-01	3.616333007812500e-02
5022	9.101294028145088e-01	3.706665039062500e-02
5023	9.105564650496342e-01	3.714599609375000e-02
5024	9.104896178093488e-01	3.712158203125000e-02
5025	9.096215337032644e-01	3.726806640625000e-02
5026	9.106888401490444e-01	3.677978515625000e-02
5027	9.106094360958435e-01	3.695678710937500e-02
5028	9.094964791542534e-01	3.706665039062500e-02
5029	9.095415939389930e-01	3.703613281250000e-02
5030	9.098010014231720e-01	3.698120117187500e-02
5031	9.091593775034782e-01	3.701782226562500e-02
5032	9.092535708197357e-01	3.694458007812500e-02
5033	9.089037878043448e-01	3.782958984375000e-02
5034	9.095295527028239e-01	3.782958984375000e-02
5035	9.097706531881603e-01	3.677978515625000e-02
5036	9.102105528449304e-01	3.687133789062500e-02
5037	9.098265993265180e-01	3.703002929687500e-02
5038	9.095885522486774e-01	3.628540039062500e-02
5039	9.104544303636751e-01	3.729858398437500e-02
5040	9.103184716010010e-01	3.700561523437500e-02
5041	9.104904354824765e-01	3.667602539062500e-02
5042	9.101527383939505e-01	3.724975585937500e-02
5043	9.105773144954786e-01	3.680419921875000e-02
5044	9.106469180202160e-01	3.694458007812500e-02
5045	9.109857422507662e-01	3.590087890625000e-02
5046	9.103335723945771e-01	3.601074218750000e-02
5047	9.093731228894316e-01	3.630981445312500e-02
5048	9.089187782110847e-01	3.772583007812500e-02
5049	9.092882932755447e-01	3.759765625000000e-02
5050	9.103562373975662e-01	3.729248046875000e-02
5051	9.100567020488829e-01	3.693237304687500e-02
5052	9.100586816506268e-01	3.683471679687500e-02
5053	9.106201598103029e-01	3.613281250000000e-02
5054	9.100018410805096e-01	3.629150390625000e-02
5055	9.094738976659649e-01	3.761596679687500e-02
5056	9.092403954450622e-01	3.736572265625000e-02
5057	9.100647766124594e-01	3.635864257812500e-02
5058	9.099822218428768e-01	3.621215820312500e-02
5059	9.107042797690162e-01	3.708496093750000e-02
5060	9.106522330470724e-01	3.590087890625000e-02
5061	9.108259260364203e-01	3.637084960937500e-02
5062	9.104460578003538e-01	3.621826171875000e-02
5063	9.100770245021835e-01	3.629760742187500e-02
5064	9.105464959984769e-01	3.674926757812500e-02
5065	9.101138246307608e-01	3.685302734375000e-02
5066	9.098669405757337e-01	3.662719726562500e-02
5067	9.101177667982344e-01	3.604736328125000e-02
5068	9.101471068936920e-01	3.701782226562500e-02
5069	9.099408985422904e-01	3.632812500000000e-02
5070	9.109706591050878e-01	3.663940429687500e-02
5071	9.116425930764738e-01	3.606567382812500e-02
5072	9.103130257103443e-01	3.592529296875000e-02
5073	9.087299013948241e-01	3.700561523437500e-02
5074	9.094221577036939e-01	3.742065429687500e-02
5075	9.094071019829362e-01	3.666381835937500e-02
5076	9.098300286618025e-01	3.717651367187500e-02
5077	9.097961964309030e-01	3.645629882812500e-02
5078	9.096180839052082e-01	3.829956054687500e-02
5079	9.094840198850559e-01	3.725585937500000e-02
5080	9.086326407875176e-01	3.778076171875000e-02
5081	9.089284378812161e-01	3.815307617187500e-02
5082	9.096618380432675e-01	3.734741210937500e-02
5083	9.094688728657765e-01	3.670654296875000e-02
5084	9.100020581319351e-01	3.740844726562500e-02
5085	9.097138619107268e-01	3.652954101562500e-02
5086	9.103366881010402e-01	3.674926757812500e-02
5087	9.093603078308846e-01	3.656616210937500e-02
5088	9.095836839531296e-01	3.623046875000000e-02
5089	9.090817309481874e-01	3.810424804687500e-02
5090	9.093439383177021e-01	3.807373046875000e-02
5091	9.091300633918705e-01	3.799438476562500e-02
5092	9.096118705945128e-01	3.765258789062500e-02
5093	9.095274264403753e-01	3.795776367187500e-02
5094	9.092155544547200e-01	3.761596679687500e-02
5095	9.101477890066412e-01	3.676757812500000e-02
5096	9.099008016938915e-01	3.651733398437500e-02
5097	9.106419082345590e-01	3.626098632812500e-02
5098	9.101449237312221e-01	3.672485351562500e-02
5099	9.096584913270053e-01	3.655395507812500e-02
5100	9.088913594964269e-01	3.786010742187500e-02
5101	9.094895092963887e-01	3.692016601562500e-02
5102	9.099564102418846e-01	3.711547851562500e-02
5103	9.096110292962352e-01	3.621215820312500e-02
5104	9.088821742937836e-01	3.733520507812500e-02
5105	9.092480576951565e-01	3.645019531250000e-02
5106	9.088595844675819e-01	3.717041015625000e-02
5107	9.095922594757644e-01	3.814086914062500e-02
5108	9.091976133863028e-01	3.685913085937500e-02
5109	9.092037760966597e-01	3.860473632812500e-02
5110	9.095700024360166e-01	3.632812500000000e-02
5111	9.099509745612591e-01	3.658447265625000e-02
5112	9.098395288576051e-01	3.762207031250000e-02
5113	9.093719622226671e-01	3.678588867187500e-02
5114	9.110577418976494e-01	3.660278320312500e-02
5115	9.103101255047824e-01	3.591308593750000e-02
5116	9.097670728456612e-01	3.762817382812500e-02
5117	9.105706980465249e-01	3.632812500000000e-02
5118	9.101659033529085e-01	3.678588867187500e-02
5119	9.098207771434151e-01	3.646240234375000e-02
5120	9.100544664279004e-01	3.674926757812500e-02
5121	9.096409064678953e-01	3.699951171875000e-02
5122	9.093991377177878e-01	3.717041015625000e-02
5123	9.097699366230634e-01	3.707275390625000e-02
5124	9.098644478296568e-01	3.662719726562500e-02
5125	9.091149501936909e-01	3.726196289062500e-02
5126	9.093220724030887e-01	3.748168945312500e-02
5127	9.091785982574341e-01	3.678588867187500e-02
5128	9.091012176985428e-01	3.814697265625000e-02
5129	9.086155760125343e-01	3.697509765625000e-02
5130	9.093347875160357e-01	3.692626953125000e-02
5131	9.088000442308721e-01	3.647460937500000e-02
5132	9.084403066775010e-01	3.659667968750000e-02
5133	9.090796337954918e-01	3.720092773437500e-02
5134	9.091949389976880e-01	3.759765625000000e-02
5135	9.100889827872275e-01	3.751220703125000e-02
5136	9.088727923151970e-01	3.764648437500000e-02
5137	9.091694605271962e-01	3.752441406250000e-02
5138	9.090625833203044e-01	3.703613281250000e-02
5139	9.096351705790288e-01	3.762207031250000e-02
5140	9.097504793407780e-01	3.673706054687500e-02
5141	9.099000097782119e-01	3.661499023437500e-02
5142	9.104336663211968e-01	3.652954101562500e-02
5143	9.101189299813388e-01	3.592529296875000e-02
5144	9.105537948757640e-01	3.671264648437500e-02
5145	9.108012232293378e-01	3.643798828125000e-02
5146	9.096289184119221e-01	3.598632812500000e-02
5147	9.095570506396635e-01	3.752441406250000e-02
5148	9.091151316666944e-01	3.803100585937500e-02
5149	9.098815467811668e-01	3.754882812500000e-02
5150	9.098227314957988e-01	3.724975585937500e-02
5151	9.097103222612857e-01	3.743286132812500e-02
5152	9.091851762642387e-01	3.663940429687500e-02
5153	9.086235023700446e-01	3.822021484375000e-02
5154	9.098587527506314e-01	3.778076171875000e-02
5155	9.102488134802851e-01	3.673095703125000e-02
5156	9.107063840547780e-01	3.702392578125000e-02
5157	9.105048823873939e-01	3.643798828125000e-02
5158	9.109338232614931e-01	3.621215820312500e-02
5159	9.106317022921576e-01	3.665161132812500e-02
5160	9.106188917966781e-01	3.688354492187500e-02
5161	9.102125029310836e-01	3.647460937500000e-02
5162	9.104320238743209e-01	3.669433593750000e-02
5163	9.096605662170739e-01	3.677368164062500e-02
5164	9.100404089931217e-01	3.649902343750000e-02
5165	9.098404038824180e-01	3.792114257812500e-02
5166	9.105369782843096e-01	3.695678710937500e-02
5167	9.105903879781246e-01	3.654785156250000e-02
5168	9.106695965717563e-01	3.640136718750000e-02
5169	9.114742798912684e-01	3.547363281250000e-02
5170	9.110077466879641e-01	3.560791015625000e-02
5171	9.105972461537913e-01	3.640136718750000e-02
5172	9.098076939392508e-01	3.800659179687500e-02
5173	9.094438462808526e-01	3.712768554687500e-02
5174	9.096747351644088e-01	3.741455078125000e-02
5175	9.098224976358531e-01	3.697509765625000e-02
5176	9.099815750465915e-01	3.575439453125000e-02
5177	9.106131346318630e-01	3.665161132812500e-02
5178	9.101763725935528e-01	3.613281250000000e-02
5179	9.097984268963010e-01	3.660888671875000e-02
5180	9.093525681010370e-01	3.731079101562500e-02
5181	9.094262667224653e-01	3.658447265625000e-02
5182	9.089275823235293e-01	3.728027343750000e-02
5183	9.095779654456165e-01	3.743286132812500e-02
5184	9.095538212080166e-01	3.675537109375000e-02
5185	9.093508915309328e-01	3.663940429687500e-02
5186	9.090294769601681e-01	3.723754882812500e-02
5187	9.092281998059945e-01	3.693847656250000e-02
5188	9.093726136167545e-01	3.721313476562500e-02
5189	9.093389791172944e-01	3.817749023437500e-02
5190	9.098044876185106e-01	3.786621093750000e-02
5191	9.097911343329019e-01	3.645019531250000e-02
5192	9.092008365916876e-01	3.688964843750000e-02
5193	9.095451343113893e-01	3.694458007812500e-02
5194	9.091233256424095e-01	3.748168945312500e-02
5195	9.099461283518809e-01	3.787841796875000e-02
5196	9.098829167272893e-01	3.756713867187500e-02
5197	9.101103588905949e-01	3.685913085937500e-02
5198	9.093316632964982e-01	3.713989257812500e-02
5199	9.094121721401612e-01	3.724365234375000e-02
5200	9.093706500493558e-01	3.751831054687500e-02
5201	9.095888729321414e-01	3.706054687500000e-02
5202	9.093009114702305e-01	3.679809570312500e-02
5203	9.091526196543164e-01	3.640747070312500e-02
5204	9.100608131170418e-01	3.587646484375000e-02
5205	9.100520067596752e-01	3.706665039062500e-02
5206	9.102078240523128e-01	3.661499023437500e-02
5207	9.108764189769313e-01	3.704833984375000e-02
5208	9.107364559510831e-01	3.609619140625000e-02
5209	9.105216094775250e-01	3.685302734375000e-02
5210	9.102797562267071e-01	3.645019531250000e-02
5211	9.099710525754906e-01	3.584594726562500e-02
5212	9.106130599953398e-01	3.643188476562500e-02
5213	9.112282990655509e-01	3.607177734375000e-02
5214	9.119061261302545e-01	3.523559570312500e-02
5215	9.112405657648238e-01	3.526611328125000e-02
5216	9.115620631222874e-01	3.513793945312500e-02
5217	9.099905163020474e-01	3.601684570312500e-02
5218	9.101594705668464e-01	3.783569335937500e-02
5219	9.103860685632496e-01	3.671264648437500e-02
5220	9.099717290421291e-01	3.627319335937500e-02
5221	9.105041514677817e-01	3.848266601562500e-02
5222	9.096038323160571e-01	3.732299804687500e-02
5223	9.106996991182910e-01	3.703002929687500e-02
5224	9.106861245185605e-01	3.716430664062500e-02
5225	9.107647394568809e-01	3.641357421875000e-02
5226	9.108546909065822e-01	3.734130859375000e-02
5227	9.107100670583042e-01	3.704223632812500e-02
5228	9.111672991033853e-01	3.671875000000000e-02
5229	9.106162264514420e-01	3.608398437500000e-02
5230	9.096417060323202e-01	3.759765625000000e-02
5231	9.091563397712384e-01	3.765258789062500e-02
5232	9.091039489513953e-01	3.749389648437500e-02
5233	9.097700202124733e-01	3.651123046875000e-02
5234	9.099377744111948e-01	3.703002929687500e-02
5235	9.110104277509511e-01	3.569946289062500e-02
5236	9.103169419371914e-01	3.632812500000000e-02
5237	9.094078497893885e-01	3.713378906250000e-02
5238	9.092111111955048e-01	3.739013671875000e-02
5239	9.096162945804983e-01	3.698730468750000e-02
5240	9.101478801213726e-01	3.681640625000000e-02
5241	9.101864083078891e-01	3.681640625000000e-02
5242	9.101012737199760e-01	3.665161132812500e-02
5243	9.100315606955895e-01	3.800048828125000e-02
5244	9.099883183087889e-01	3.648071289062500e-02
5245	9.103319399306313e-01	3.629760742187500e-02
5246	9.099300090725185e-01	3.496704101562500e-02
5247	9.096789087862516e-01	3.694458007812500e-02
5248	9.100571922987138e-01	3.771362304687500e-02
5249	9.097839253240241e-01	3.782348632812500e-02
5250	9.105895172143638e-01	3.724365234375000e-02
5251	9.097838388846292e-01	3.680419921875000e-02
5252	9.098734291974081e-01	3.699340820312500e-02
5253	9.097756173812122e-01	3.530273437500000e-02
5254	9.090696805110651e-01	3.634643554687500e-02
5255	9.100317274740891e-01	3.671264648437500e-02
5256	9.094977671333035e-01	3.673095703125000e-02
5257	9.090572632969492e-01	3.666381835937500e-02
5258	9.094697061756604e-01	3.651733398437500e-02
5259	9.094789857666208e-01	3.786621093750000e-02
5260	9.104093200190250e-01	3.638305664062500e-02
5261	9.097024017342026e-01	3.718872070312500e-02
5262	9.091001762238130e-01	3.770751953125000e-02
5263	9.095732925900378e-01	3.583374023437500e-02
5264	9.102802844129814e-01	3.702392578125000e-02
5265	9.098553132260204e-01	3.607177734375000e-02
5266	9.098692056496082e-01	3.625488281250000e-02
5267	9.093544369611787e-01	3.779907226562500e-02
5268	9.091042279606061e-01	3.723754882812500e-02
5269	9.096002105716549e-01	3.704833984375000e-02
5270	9.101643702744572e-01	3.672485351562500e-02
5271	9.093837202424370e-01	3.694458007812500e-02
5272	9.097257450937489e-01	3.730468750000000e-02
5273	9.100150574363032e-01	3.649902343750000e-02
5274	9.107760468708248e-01	3.698730468750000e-02
5275	9.102501320055240e-01	3.603515625000000e-02
5276	9.096063559676096e-01	3.645629882812500e-02
5277	9.102868092681998e-01	3.576660156250000e-02
5278	9.100870017567789e-01	3.651733398437500e-02
5279	9.095411600827078e-01	3.705444335937500e-02
5280	9.090686623494030e-01	3.712768554687500e-02
5281	9.091210914931588e-01	3.693237304687500e-02
5282	9.092494565483156e-01	3.701171875000000e-02
5283	9.095391864052546e-01	3.647460937500000e-02
5284	9.097112828136954e-01	3.638305664062500e-02
5285	9.095103124869163e-01	3.599853515625000e-02
5286	9.094707175801497e-01	3.726196289062500e-02
5287	9.098903844412459e-01	3.656616210937500e-02
5288	9.100878726208322e-01	3.659667968750000e-02
5289	9.102787581873503e-01	3.590698242187500e-02
5290	9.101777884417671e-01	3.613281250000000e-02
5291	9.099919591371152e-01	3.646850585937500e-02
5292	9.097611363173250e-01	3.712768554687500e-02
5293	9.091920417103926e-01	3.735351562500000e-02
5294	9.100070747044177e-01	3.699951171875000e-02
5295	9.097354796983503e-01	3.784179687500000e-02
5296	9.090217574111086e-01	3.773193359375000e-02
5297	9.091705062936373e-01	3.754882812500000e-02
5298	9.101338870617054e-01	3.778076171875000e-02
5299	9.102587882580971e-01	3.751831054687500e-02
5300	9.103373681712602e-01	3.649291992187500e-02
5301	9.095328795348926e-01	3.594970703125000e-02
5302	9.100742659604170e-01	3.693847656250000e-02
5303	9.094962429122172e-01	3.667602539062500e-02
5304	9.090352151169537e-01	3.687744140625000e-02
5305	9.089937029030275e-01	3.710937500000000e-02
5306	9.091348749608352e-01	3.773193359375000e-02
5307	9.096627615491490e-01	3.647460937500000e-02
5308	9.098483789387869e-01	3.688354492187500e-02
5309	9.088487775124973e-01	3.798828125000000e-02
5310	9.094894897989979e-01	3.717651367187500e-02
5311	9.101296508427632e-01	3.701171875000000e-02
5312	9.099025156765251e-01	3.632812500000000e-02
5313	9.096302694212094e-01	3.808593750000000e-02
5314	9.091137026195727e-01	3.790283203125000e-02
5315	9.090295703487171e-01	3.809204101562500e-02
5316	9.102086366230115e-01	3.651733398437500e-02
5317	9.099819344333082e-01	3.657836914062500e-02
5318	9.101279433842163e-01	3.716430664062500e-02
5319	9.095209913331440e-01	3.714599609375000e-02
5320	9.095074557183550e-01	3.813476562500000e-02
5321	9.099764410114642e-01	3.763427734375000e-02
5322	9.101210672287759e-01	3.832397460937500e-02
5323	9.101506071227142e-01	3.740844726562500e-02
5324	9.104022238784905e-01	3.677978515625000e-02
5325	9.093746039414752e-01	3.646240234375000e-02
5326	9.092818276361307e-01	3.766479492187500e-02
5327	9.096531524612272e-01	3.765258789062500e-02
5328	9.096071680824159e-01	3.686523437500000e-02
5329	9.103953630489019e-01	3.666992187500000e-02
5330	9.101008117141657e-01	3.703613281250000e-02
5331	9.102080915019289e-01	3.659057617187500e-02
5332	9.100296579238187e-01	3.742675781250000e-02
5333	9.100701919641175e-01	3.637695312500000e-02
5334	9.101470497487222e-01	3.712158203125000e-02
5335	9.109127614448124e-01	3.678588867187500e-02
5336	9.096823271199884e-01	3.699340820312500e-02
5337	9.097209852056687e-01	3.660888671875000e-02
5338	9.095844144283024e-01	3.692626953125000e-02
5339	9.095105164372939e-01	3.789672851562500e-02
5340	9.096605836405952e-01	3.710327148437500e-02
5341	9.095506430043000e-01	3.780517578125000e-02
5342	9.100012967270027e-01	3.698730468750000e-02
5343	9.095382137461510e-01	3.731689453125000e-02
5344	9.101354866825259e-01	3.682250976562500e-02
5345	9.095104259420980e-01	3.699951171875000e-02
5346	9.094370151470216e-01	3.806762695312500e-02
5347	9.095953061166687e-01	3.741455078125000e-02
5348	9.102436803313695e-01	3.671875000000000e-02
5349	9.099911056220261e-01	3.664550781250000e-02
5350	9.095041279086581e-01	3.796997070312500e-02
5351	9.092211410617216e-01	3.724365234375000e-02
5352	9.094837888303217e-01	3.739013671875000e-02
5353	9.098305268244488e-01	3.693237304687500e-02
5354	9.102805156091769e-01	3.634643554687500e-02
5355	9.099767031891730e-01	3.593750000000000e-02
5356	9.094987448875925e-01	3.673706054687500e-02
5357	9.104072196557499e-01	3.610839843750000e-02
5358	9.105578906377566e-01	3.677368164062500e-02
5359	9.105386497464910e-01	3.747558593750000e-02
5360	9.105255801104538e-01	3.732299804687500e-02
5361	9.107501007592318e-01	3.637695312500000e-02
5362	9.100060272016103e-01	3.686523437500000e-02
5363	9.095576584600943e-01	3.674316406250000e-02
5364	9.102191666414843e-01	3.638305664062500e-02
5365	9.096282735588958e-01	3.646850585937500e-02
5366	9.096361318022179e-01	3.820800781250000e-02
5367	9.106676978436782e-01	3.589477539062500e-02
5368	9.103189311680392e-01	3.709106445312500e-02
5369	9.101078381002347e-01	3.676757812500000e-02
5370	9.097415350917774e-01	3.661499023437500e-02
5371	9.102386916699127e-01	3.703613281250000e-02
5372	9.106966124422402e-01	3.666992187500000e-02
5373	9.107173540813220e-01	3.643188476562500e-02
5374	9.105960405861652e-01	3.678588867187500e-02
5375	9.109486140506294e-01	3.623046875000000e-02
5376	9.097872473800241e-01	3.710327148437500e-02
5377	9.098730833688277e-01	3.654785156250000e-02
5378	9.094624119623211e-01	3.722534179687500e-02
5379	9.098383567201060e-01	3.717651367187500e-02
5380	9.101057185443625e-01	3.619384765625000e-02
5381	9.095692717834378e-01	3.657836914062500e-02
5382	9.098662564920613e-01	3.684692382812500e-02
5383	9.092508468390768e-01	3.699951171875000e-02
5384	9.093305779708737e-01	3.699951171875000e-02
5385	9.102190859956395e-01	3.654174804687500e-02
5386	9.105462786508136e-01	3.587036132812500e-02
5387	9.095403922982893e-01	3.702392578125000e-02
5388	9.091047759659402e-01	3.659667968750000e-02
5389	9.100422811191273e-01	3.732910156250000e-02
5390	9.102502397129276e-01	3.748168945312500e-02
5391	9.108333829296185e-01	3.713989257812500e-02
5392	9.105612722328696e-01	3.681640625000000e-02
5393	9.108745875398162e-01	3.612060546875000e-02
5394	9.105958447838024e-01	3.686523437500000e-02
5395	9.106662520763017e-01	3.678588867187500e-02
5396	9.104367134844177e-01	3.594970703125000e-02
5397	9.099075869318797e-01	3.691406250000000e-02
5398	9.095298907237773e-01	3.768920898437500e-02
5399	9.097391853981063e-01	3.662719726562500e-02
5400	9.098711048324701e-01	3.697509765625000e-02
5401	9.098087115349277e-01	3.643188476562500e-02
5402	9.104170663067847e-01	3.587036132812500e-02
5403	9.106388115044889e-01	3.671875000000000e-02
5404	9.104589176095662e-01	3.643798828125000e-02
5405	9.091659276108567e-01	3.798217773437500e-02
5406	9.094133752166725e-01	3.674316406250000e-02
5407	9.092778638568543e-01	3.675537109375000e-02
5408	9.104448054593260e-01	3.681030273437500e-02
5409	9.095896958660004e-01	3.699951171875000e-02
5410	9.093685789325452e-01	3.734741210937500e-02
5411	9.091769083629314e-01	3.679809570312500e-02
5412	9.100873170566429e-01	3.754882812500000e-02
5413	9.096000433563712e-01	3.762817382812500e-02
5414	9.091904540252416e-01	3.787841796875000e-02
5415	9.101327373559109e-01	3.706665039062500e-02
5416	9.098664918854840e-01	3.704833984375000e-02
5417	9.101583502916161e-01	3.654785156250000e-02
5418	9.095286195033380e-01	3.651123046875000e-02
5419	9.090926649793046e-01	3.763427734375000e-02
5420	9.081989574561241e-01	3.715209960937500e-02
5421	9.089778609454066e-01	3.838500976562500e-02
5422	9.096378093288603e-01	3.762817382812500e-02
5423	9.087632233306039e-01	3.740844726562500e-02
5424	9.094145821268808e-01	3.724975585937500e-02
5425	9.094420952533161e-01	3.721313476562500e-02
5426	9.101211754679115e-01	3.742065429687500e-02
5427	9.109102456300752e-01	3.598022460937500e-02
5428	9.106781448042153e-01	3.664550781250000e-02
5429	9.101958223629150e-01	3.671264648437500e-02
5430	9.098802915023843e-01	3.677368164062500e-02
5431	9.107516803709473e-01	3.612670898437500e-02
5432	9.104821185593535e-01	3.677978515625000e-02
5433	9.104490588906381e-01	3.649291992187500e-02
5434	9.109432911205259e-01	3.701782226562500e-02
5435	9.104739721344862e-01	3.645019531250000e-02
5436	9.100633642755738e-01	3.544311523437500e-02
5437	9.094052490754200e-01	3.630371093750000e-02
5438	9.092369966709186e-01	3.715820312500000e-02
5439	9.094907943207181e-01	3.749389648437500e-02
5440	9.101525786261825e-01	3.802490234375000e-02
5441	9.103033754057911e-01	3.589477539062500e-02
5442	9.098628064097044e-01	3.710937500000000e-02
5443	9.094323485253274e-01	3.623657226562500e-02
5444	9.097004458742579e-01	3.637084960937500e-02
5445	9.104762708282629e-01	3.733520507812500e-02
5446	9.093616937037559e-01	3.721923828125000e-02
5447	9.098777803061747e-01	3.741455078125000e-02
5448	9.098097283542348e-01	3.714599609375000e-02
5449	9.087639669187378e-01	3.740234375000000e-02
5450	9.092058417564660e-01	3.736572265625000e-02
5451	9.093131115389586e-01	3.800048828125000e-02
5452	9.091289039356288e-01	3.731079101562500e-02
5453	9.099164644308169e-01	3.790283203125000e-02
5454	9.094389653930969e-01	3.661499023437500e-02
5455	9.097925880407923e-01	3.704833984375000e-02
5456	9.100688115548922e-01	3.626708984375000e-02
5457	9.110206909496287e-01	3.655395507812500e-02
5458	9.109863293839561e-01	3.534545898437500e-02
5459	9.103892344127572e-01	3.535156250000000e-02
5460	9.095554442162381e-01	3.684082031250000e-02
5461	9.092835391124473e-01	3.683471679687500e-02
5462	9.100614749154960e-01	3.700561523437500e-02
5463	9.093064692548364e-01	3.662719726562500e-02
5464	9.095104510710773e-01	3.828735351562500e-02
5465	9.101516507122752e-01	3.732910156250000e-02
5466	9.116003304477718e-01	3.640136718750000e-02
5467	9.114429349241974e-01	3.557128906250000e-02
5468	9.126410121034941e-01	3.520507812500000e-02
5469	9.121194839661761e-01	3.568725585937500e-02
5470	9.114887420110360e-01	3.550415039062500e-02
5471	9.111948958835357e-01	3.505249023437500e-02
5472	9.114601652381159e-01	3.602294921875000e-02
5473	9.108464070946729e-01	3.644409179687500e-02
5474	9.107950420182146e-01	3.559570312500000e-02
5475	9.111329452136626e-01	3.645019531250000e-02
5476	9.108550163781096e-01	3.580322265625000e-02
5477	9.109596277538703e-01	3.570556640625000e-02
5478	9.102298520069908e-01	3.671264648437500e-02
5479	9.105238448726233e-01	3.709716796875000e-02
5480	9.104170124144927e-01	3.629760742187500e-02
5481	9.100950395629140e-01	3.632812500000000e-02
5482	9.100766682779038e-01	3.641357421875000e-02
5483	9.103043126423884e-01	3.651123046875000e-02
5484	9.106367477927814e-01	3.691406250000000e-02
5485	9.107308298299257e-01	3.530273437500000e-02
5486	9.099600123469425e-01	3.631591796875000e-02
5487	9.095641704418268e-01	3.652343750000000e-02
5488	9.085652011428137e-01	3.762817382812500e-02
5489	9.091152488580158e-01	3.710327148437500e-02
5490	9.092271891394490e-01	3.787841796875000e-02
5491	9.096988356104289e-01	3.751220703125000e-02
5492	9.095865226736547e-01	3.728637695312500e-02
5493	9.099319109066898e-01	3.707885742187500e-02
5494	9.105245696864414e-01	3.623046875000000e-02
5495	9.105381493704655e-01	3.681030273437500e-02
5496	9.107477768463440e-01	3.654785156250000e-02
5497	9.105500173523374e-01	3.699951171875000e-02
5498	9.106698166877338e-01	3.690795898437500e-02
5499	9.108614843348187e-01	3.707885742187500e-02
5500	9.095334531495171e-01	3.634033203125000e-02
5501	9.094278055608003e-01	3.745727539062500e-02
5502	9.093735023505621e-01	3.771362304687500e-02
5503	9.101045537372748e-01	3.739013671875000e-02
5504	9.105148263406777e-01	3.713378906250000e-02
5505	9.109507958762367e-01	3.720092773437500e-02
5506	9.100988656085468e-01	3.645019531250000e-02
5507	9.094167400314720e-01	3.721923828125000e-02
5508	9.096282555168229e-01	3.713378906250000e-02
5509	9.104422325235565e-01	3.747558593750000e-02
5510	9.100664893163316e-01	3.681640625000000e-02
5511	9.098171877631023e-01	3.616943359375000e-02
5512	9.099608672064577e-01	3.655395507812500e-02
5513	9.096969896486348e-01	3.735961914062500e-02
5514	9.102349072780979e-01	3.637084960937500e-02
5515	9.107258004112434e-01	3.619995117187500e-02
5516	9.104153627302206e-01	3.684082031250000e-02
5517	9.107435605306314e-01	3.591918945312500e-02
5518	9.103563888846510e-01	3.634643554687500e-02
5519	9.097537176612053e-01	3.654785156250000e-02
5520	9.100710866675438e-01	3.659667968750000e-02
5521	9.097496791754450e-01	3.719482421875000e-02
5522	9.101477546180866e-01	3.848876953125000e-02
5523	9.093172658731400e-01	3.728027343750000e-02
5524	9.089790730147541e-01	3.709716796875000e-02
5525	9.086762698632361e-01	3.811035156250000e-02
5526	9.099722758801804e-01	3.756103515625000e-02
5527	9.094768328258450e-01	3.595581054687500e-02
5528	9.102018165007008e-01	3.764648437500000e-02
5529	9.106404720397704e-01	3.711547851562500e-02
5530	9.104103172724418e-01	3.509521484375000e-02
5531	9.092820793513779e-01	3.665771484375000e-02
5532	9.097674308188939e-01	3.691406250000000e-02
5533	9.098403772071100e-01	3.601684570312500e-02
5534	9.104907970550297e-01	3.657836914062500e-02
5535	9.109645328391504e-01	3.737792968750000e-02
5536	9.107556919875566e-01	3.717041015625000e-02
5537	9.112546495862696e-01	3.665161132812500e-02
5538	9.102837589154021e-01	3.651733398437500e-02
5539	9.104799124286225e-01	3.623657226562500e-02
5540	9.101364828509562e-01	3.732299804687500e-02
5541	9.099801592490740e-01	3.706665039062500e-02
5542	9.093941348120144e-01	3.615112304687500e-02
5543	9.112891218634925e-01	3.702392578125000e-02
5544	9.104550926972769e-01	3.550415039062500e-02
5545	9.096634258976658e-01	3.718872070312500e-02
5546	9.104412180121838e-01	3.728027343750000e-02
5547	9.108353180075414e-01	3.776855468750000e-02
5548	9.104265792306901e-01	3.647460937500000e-02
5549	9.101666712431341e-01	3.736572265625000e-02
5550	9.105833788049774e-01	3.700561523437500e-02
5551	9.111436313939968e-01	3.613891601562500e-02
5552	9.104613216043494e-01	3.595581054687500e-02
5553	9.109484250288085e-01	3.593139648437500e-02
5554	9.108679874981459e-01	3.607788085937500e-02
5555	9.106948642216467e-01	3.663940429687500e-02
5556	9.106838870565787e-01	3.637084960937500e-02
5557	9.095599278765624e-01	3.646850585937500e-02
5558	9.100456778718887e-01	3.699340820312500e-02
5559	9.111707058818133e-01	3.692626953125000e-02
5560	9.106432369438671e-01	3.603515625000000e-02
5561	9.113856391362679e-01	3.598022460937500e-02
5562	9.107202630038546e-01	3.576049804687500e-02
5563	9.112484623752239e-01	3.653564453125000e-02
5564	9.110461987194821e-01	3.570556640625000e-02
5565	9.104616722630574e-01	3.634033203125000e-02
5566	9.115983254787426e-01	3.565063476562500e-02
5567	9.108285865943896e-01	3.599243164062500e-02
5568	9.107241280040093e-01	3.667602539062500e-02
5569	9.116878692719337e-01	3.599243164062500e-02
5570	9.106203502131800e-01	3.655395507812500e-02
5571	9.106310684128758e-01	3.681640625000000e-02
5572	9.104039321092392e-01	3.654785156250000e-02
5573	9.104913035676251e-01	3.579711914062500e-02
5574	9.112749815388302e-01	3.556518554687500e-02
5575	9.107445387165757e-01	3.641967773437500e-02
5576	9.111244766921209e-01	3.560180664062500e-02
5577	9.110323121783788e-01	3.695678710937500e-02
5578	9.104458073973726e-01	3.598632812500000e-02
5579	9.099932845649875e-01	3.685913085937500e-02
5580	9.103786269272903e-01	3.705444335937500e-02
5581	9.103669853618723e-01	3.651123046875000e-02
5582	9.099743911456183e-01	3.670654296875000e-02
5583	9.095349601033207e-01	3.755493164062500e-02
5584	9.090584446295479e-01	3.708496093750000e-02
5585	9.096671036892522e-01	3.751831054687500e-02
5586	9.089521242729846e-01	3.726806640625000e-02
5587	9.088705020453983e-01	3.789672851562500e-02
5588	9.088791697588904e-01	3.843383789062500e-02
5589	9.100292133285747e-01	3.679199218750000e-02
5590	9.096730313467335e-01	3.632202148437500e-02
5591	9.094158552924544e-01	3.717041015625000e-02
5592	9.092818236074823e-01	3.633422851562500e-02
5593	9.089974903171810e-01	3.727416992187500e-02
5594	9.081642269829175e-01	3.799438476562500e-02
5595	9.087394838888637e-01	3.800659179687500e-02
5596	9.098812062962489e-01	3.687744140625000e-02
5597	9.103980871600479e-01	3.706054687500000e-02
5598	9.100879878422149e-01	3.700561523437500e-02
5599	9.105489564555435e-01	3.612060546875000e-02
5600	9.099047202828771e-01	3.814086914062500e-02
5601	9.098842359042094e-01	3.621215820312500e-02
5602	9.096621254754481e-01	3.669433593750000e-02
5603	9.104070646778338e-01	3.701171875000000e-02
5604	9.098953576356551e-01	3.756713867187500e-02
5605	9.098417438506293e-01	3.603515625000000e-02
5606	9.098632490274356e-01	3.684082031250000e-02
5607	9.100169351623650e-01	3.615112304687500e-02
5608	9.097726289087745e-01	3.654174804687500e-02
5609	9.100537501171813e-01	3.693237304687500e-02
5610	9.107767694727933e-01	3.690185546875000e-02
5611	9.113123716060616e-01	3.593139648437500e-02
5612	9.107053979826221e-01	3.552246093750000e-02
5613	9.100731020873690e-01	3.641357421875000e-02
5614	9.105658249566263e-01	3.769531250000000e-02
5615	9.102901837271756e-01	3.592529296875000e-02
5616	9.103615400930409e-01	3.726806640625000e-02
5617	9.096868418892404e-01	3.657836914062500e-02
5618	9.102136546740042e-01	3.595581054687500e-02
5619	9.098464011101556e-01	3.645019531250000e-02
5620	9.098087661142205e-01	3.788452148437500e-02
5621	9.098705004918403e-01	3.635253906250000e-02
5622	9.092154686366264e-01	3.643188476562500e-02
5623	9.090808704363731e-01	3.677978515625000e-02
5624	9.093916604150246e-01	3.676147460937500e-02
5625	9.101601796996484e-01	3.672485351562500e-02
5626	9.096801336921088e-01	3.610229492187500e-02
5627	9.091806922424999e-01	3.806762695312500e-02
5628	9.090442170847116e-01	3.711547851562500e-02
5629	9.091210057430122e-01	3.637084960937500e-02
5630	9.093940882308219e-01	3.767700195312500e-02
5631	9.091412208480456e-01	3.759765625000000e-02
5632	9.092961565745351e-01	3.723144531250000e-02
5633	9.103492937033811e-01	3.688964843750000e-02
5634	9.103411769524867e-01	3.754882812500000e-02
5635	9.094251306298909e-01	3.677368164062500e-02
5636	9.096011275969462e-01	3.783569335937500e-02
5637	9.098499279005293e-01	3.734741210937500e-02
5638	9.101599035483922e-01	3.781127929687500e-02
5639	9.105778031882608e-01	3.641967773437500e-02
5640	9.109376648006502e-01	3.645019531250000e-02
5641	9.116245171879584e-01	3.592529296875000e-02
5642	9.114532304384134e-01	3.547363281250000e-02
5643	9.106348751369943e-01	3.565063476562500e-02
5644	9.107762504600750e-01	3.619995117187500e-02
5645	9.111599140626270e-01	3.615112304687500e-02
5646	9.110318315605733e-01	3.583374023437500e-02
5647	9.094542993517457e-01	3.656005859375000e-02
5648	9.091889848278291e-01	3.717041015625000e-02
5649	9.109036028690651e-01	3.740234375000000e-02
5650	9.110203657547187e-01	3.566894531250000e-02
5651	9.111655404213147e-01	3.532714843750000e-02
5652	9.104701568682897e-01	3.583984375000000e-02
5653	9.100711709142475e-01	3.763427734375000e-02
5654	9.090634147981311e-01	3.661499023437500e-02
5655	9.093057009589410e-01	3.768920898437500e-02
5656	9.099732861793949e-01	3.710327148437500e-02
5657	9.101677642316229e-01	3.752441406250000e-02
5658	9.104163978108742e-01	3.643188476562500e-02
5659	9.106372750397429e-01	3.686523437500000e-02
5660	9.104344706959586e-01	3.662109375000000e-02
5661	9.112238982368192e-01	3.572998046875000e-02
5662	9.111293201749614e-01	3.507690429687500e-02
5663	9.114235196240720e-01	3.580932617187500e-02
5664	9.103033204742100e-01	3.650512695312500e-02
5665	9.114196283298915e-01	3.638916015625000e-02
5666	9.111624021400440e-01	3.619384765625000e-02
5667	9.109554690617189e-01	3.555908203125000e-02
5668	9.104877202131184e-01	3.553466796875000e-02
5669	9.101072399281883e-01	3.690185546875000e-02
5670	9.104092424779925e-01	3.643798828125000e-02
5671	9.095530857083265e-01	3.679199218750000e-02
5672	9.095306823524730e-01	3.652343750000000e-02
5673	9.085441981735012e-01	3.743286132812500e-02
5674	9.092075211189221e-01	3.775024414062500e-02
5675	9.096701568981315e-01	3.709716796875000e-02
5676	9.095264319272997e-01	3.794555664062500e-02
5677	9.101982757172978e-01	3.655395507812500e-02
5678	9.096288931327196e-01	3.703002929687500e-02
5679	9.093527109984105e-01	3.779296875000000e-02
5680	9.104214175325532e-01	3.678588867187500e-02
5681	9.097652152229840e-01	3.620605468750000e-02
5682	9.102180245913062e-01	3.712158203125000e-02
5683	9.099802446889306e-01	3.677978515625000e-02
5684	9.098247864585800e-01	3.759765625000000e-02
5685	9.101550335668563e-01	3.796386718750000e-02
5686	9.106037491874553e-01	3.688354492187500e-02
5687	9.093760727799860e-01	3.698730468750000e-02
5688	9.098915409252172e-01	3.706665039062500e-02
5689	9.098949996361664e-01	3.637084960937500e-02
5690	9.105775828785725e-01	3.680419921875000e-02
5691	9.104403905594899e-01	3.692626953125000e-02
5692	9.104592853609360e-01	3.670654296875000e-02
5693	9.107452183939667e-01	3.621215820312500e-02
5694	9.108933475141385e-01	3.791503906250000e-02
5695	9.102889955461063e-01	3.658447265625000e-02
5696	9.103456291521477e-01	3.593139648437500e-02
5697	9.100310982553398e-01	3.646850585937500e-02
5698	9.103480093664454e-01	3.652954101562500e-02
5699	9.107810736642867e-01	3.674316406250000e-02
5700	9.105219885146750e-01	3.722534179687500e-02
5701	9.100854845445870e-01	3.631591796875000e-02
5702	9.102972495699126e-01	3.685913085937500e-02
5703	9.098536474355008e-01	3.699340820312500e-02
5704	9.102778787188255e-01	3.637695312500000e-02
5705	9.097703125332973e-01	3.662109375000000e-02
5706	9.099579990950203e-01	3.682250976562500e-02
5707	9.094522367957124e-01	3.668212890625000e-02
5708	9.096180325659251e-01	3.655395507812500e-02
5709	9.100296329760598e-01	3.651123046875000e-02
5710	9.108327428501779e-01	3.626708984375000e-02
5711	9.104653395931329e-01	3.620605468750000e-02
5712	9.109829855276789e-01	3.529052734375000e-02
5713	9.105472077694410e-01	3.655395507812500e-02
5714	9.108400416041053e-01	3.671264648437500e-02
5715	9.108102968437071e-01	3.632812500000000e-02
5716	9.115204420991075e-01	3.640747070312500e-02
5717	9.110975455318447e-01	3.657836914062500e-02
5718	9.107962689826001e-01	3.674316406250000e-02
5719	9.109517003316244e-01	3.646240234375000e-02
5720	9.112932045473379e-01	3.618774414062500e-02
5721	9.107532103553352e-01	3.623046875000000e-02
5722	9.112585035656419e-01	3.698120117187500e-02
5723	9.094810316940286e-01	3.718872070312500e-02
5724	9.093533303122717e-01	3.770751953125000e-02
5725	9.104934355960563e-01	3.687744140625000e-02
5726	9.103075285828797e-01	3.675537109375000e-02
5727	9.102694694436472e-01	3.605957031250000e-02
5728	9.105019186401181e-01	3.574218750000000e-02
5729	9.100847060671814e-01	3.672485351562500e-02
5730	9.094503855238322e-01	3.843994140625000e-02
5731	9.089827069216154e-01	3.810424804687500e-02
5732	9.092034446085320e-01	3.766479492187500e-02
5733	9.093098122297976e-01	3.712158203125000e-02
5734	9.107484208465486e-01	3.776855468750000e-02
5735	9.098306782768538e-01	3.703613281250000e-02
5736	9.091938511811223e-01	3.754272460937500e-02
5737	9.090394386307628e-01	3.786010742187500e-02
5738	9.091894475552577e-01	3.735961914062500e-02
5739	9.093469526606710e-01	3.746337890625000e-02
5740	9.096180989472521e-01	3.661499023437500e-02
5741	9.092201634376470e-01	3.721313476562500e-02
5742	9.091219491781346e-01	3.736572265625000e-02
5743	9.094231807001210e-01	3.645629882812500e-02
5744	9.096327932656618e-01	3.715209960937500e-02
5745	9.101645778997733e-01	3.582153320312500e-02
5746	9.100212411301163e-01	3.597412109375000e-02
5747	9.097760331470116e-01	3.656616210937500e-02
5748	9.093890960914170e-01	3.575439453125000e-02
5749	9.092628409146069e-01	3.681640625000000e-02
5750	9.096588304701868e-01	3.811035156250000e-02
5751	9.097320700178075e-01	3.704833984375000e-02
5752	9.102000251508261e-01	3.748779296875000e-02
5753	9.100332866820926e-01	3.604125976562500e-02
5754	9.101847341866086e-01	3.634643554687500e-02
5755	9.105593360971529e-01	3.680419921875000e-02
5756	9.106371353483255e-01	3.497314453125000e-02
5757	9.111957205988518e-01	3.633422851562500e-02
5758	9.103356798801756e-01	3.596191406250000e-02
5759	9.105226288881689e-01	3.594970703125000e-02
5760	9.102461648996987e-01	3.721313476562500e-02
5761	9.098073680765181e-01	3.696289062500000e-02
5762	9.092703546238958e-01	3.731689453125000e-02
5763	9.101096661712301e-01	3.758544921875000e-02
5764	9.102759062090606e-01	3.735351562500000e-02
5765	9.104724612461936e-01	3.687133789062500e-02
5766	9.103744304065974e-01	3.720703125000000e-02
5767	9.108925329257135e-01	3.622436523437500e-02
5768	9.106170490088431e-01	3.575439453125000e-02
5769	9.107311592839258e-01	3.582153320312500e-02
5770	9.105069616251070e-01	3.717651367187500e-02
5771	9.105114453722584e-01	3.528442382812500e-02
5772	9.105312366071997e-01	3.719482421875000e-02
5773	9.110442361496979e-01	3.726196289062500e-02
5774	9.103375339681191e-01	3.696899414062500e-02
5775	9.104217822384261e-01	3.642578125000000e-02
5776	9.101777803713467e-01	3.650512695312500e-02
5777	9.107500343569255e-01	3.685302734375000e-02
5778	9.103011031161420e-01	3.703613281250000e-02
5779	9.116418982744737e-01	3.582763671875000e-02
5780	9.105000696496698e-01	3.591308593750000e-02
5781	9.093806215847788e-01	3.626098632812500e-02
5782	9.099291730179813e-01	3.722534179687500e-02
5783	9.099658784209400e-01	3.670654296875000e-02
5784	9.092718620224290e-01	3.711547851562500e-02
5785	9.100635197297270e-01	3.831787109375000e-02
5786	9.097871385994428e-01	3.701782226562500e-02
5787	9.104497245894522e-01	3.714599609375000e-02
5788	9.089771352652992e-01	3.767089843750000e-02
5789	9.096379148389969e-01	3.741455078125000e-02
5790	9.101173028522517e-01	3.681640625000000e-02
5791	9.100502040606572e-01	3.793945312500000e-02
5792	9.098434900156867e-01	3.652343750000000e-02
5793	9.097313982300523e-01	3.644409179687500e-02
5794	9.103326038396138e-01	3.708496093750000e-02
5795	9.108919726023524e-01	3.685302734375000e-02
5796	9.106205829450520e-01	3.620605468750000e-02
5797	9.100005878402270e-01	3.674316406250000e-02
5798	9.091408766877215e-01	3.662719726562500e-02
5799	9.092859961000035e-01	3.753662109375000e-02
5800	9.092588258576194e-01	3.858642578125000e-02
5801	9.097195103524482e-01	3.748779296875000e-02
5802	9.101762768179023e-01	3.695068359375000e-02
5803	9.093936153016542e-01	3.627319335937500e-02
5804	9.099202053319511e-01	3.679199218750000e-02
5805	9.099626999364961e-01	3.666381835937500e-02
5806	9.102868626640657e-01	3.672485351562500e-02
5807	9.095269101800109e-01	3.692016601562500e-02
5808	9.095226961135457e-01	3.681640625000000e-02
5809	9.098260881375166e-01	3.593139648437500e-02
5810	9.098806856789908e-01	3.673706054687500e-02
5811	9.095863848529184e-01	3.739013671875000e-02
5812	9.086046985415743e-01	3.739624023437500e-02
5813	9.092437664722118e-01	3.727416992187500e-02
5814	9.097373735608979e-01	3.710937500000000e-02
5815	9.106691782385967e-01	3.583984375000000e-02
5816	9.106479648885114e-01	3.709106445312500e-02
5817	9.106207562824110e-01	3.613281250000000e-02
5818	9.106586056685910e-01	3.560180664062500e-02
5819	9.099150926630334e-01	3.601684570312500e-02
5820	9.102311965546890e-01	3.643188476562500e-02
5821	9.104295729518043e-01	3.667602539062500e-02
5822	9.101617631901014e-01	3.713378906250000e-02
5823	9.106615393384742e-01	3.763427734375000e-02
5824	9.105161665259317e-01	3.692016601562500e-02
5825	9.104688068818113e-01	3.726196289062500e-02
5826	9.098894854008513e-01	3.613891601562500e-02
5827	9.099654375786767e-01	3.726806640625000e-02
5828	9.097583125962952e-01	3.627929687500000e-02
5829	9.102519986861188e-01	3.700561523437500e-02
5830	9.103422226333858e-01	3.666381835937500e-02
5831	9.105016942725758e-01	3.637084960937500e-02
5832	9.097618125865439e-01	3.676147460937500e-02
5833	9.098185023018573e-01	3.817749023437500e-02
5834	9.101493560309549e-01	3.696289062500000e-02
5835	9.097986140247345e-01	3.745117187500000e-02
5836	9.102316527824404e-01	3.528442382812500e-02
5837	9.110464002398975e-01	3.643798828125000e-02
5838	9.106781474890279e-01	3.602294921875000e-02
5839	9.115998138094276e-01	3.574218750000000e-02
5840	9.110623075240740e-01	3.608398437500000e-02
5841	9.115587587771805e-01	3.615722656250000e-02
5842	9.104630808656392e-01	3.613891601562500e-02
5843	9.110506643651882e-01	3.601074218750000e-02
5844	9.113968442826638e-01	3.505859375000000e-02
5845	9.114980341542908e-01	3.536987304687500e-02
5846	9.112648494330581e-01	3.492431640625000e-02
5847	9.113304444217447e-01	3.558959960937500e-02
5848	9.115987882890345e-01	3.612060546875000e-02
5849	9.122008077610718e-01	3.605957031250000e-02
5850	9.114780919956083e-01	3.604736328125000e-02
5851	9.111804556118789e-01	3.601074218750000e-02
5852	9.111576528689986e-01	3.640136718750000e-02
5853	9.104316983277059e-01	3.665771484375000e-02
5854	9.105482989271195e-01	3.647460937500000e-02
5855	9.101495155070021e-01	3.600463867187500e-02
5856	9.098140744233048e-01	3.685302734375000e-02
5857	9.098942674499515e-01	3.682861328125000e-02
5858	9.106199035614696e-01	3.725585937500000e-02
5859	9.109014834865645e-01	3.701171875000000e-02
5860	9.110146200723034e-01	3.595581054687500e-02
5861	9.111203290139795e-01	3.666992187500000e-02
5862	9.105197608272068e-01	3.712158203125000e-02
5863	9.112615923331467e-01	3.607788085937500e-02
5864	9.106049392002302e-01	3.601074218750000e-02
5865	9.101026787175016e-01	3.618774414062500e-02
5866	9.102109946523377e-01	3.765258789062500e-02
5867	9.105536545353040e-01	3.705444335937500e-02
5868	9.106955162977939e-01	3.632812500000000e-02
5869	9.092351436759937e-01	3.611450195312500e-02
5870	9.106166359222737e-01	3.649291992187500e-02
5871	9.101383563762288e-01	3.637695312500000e-02
5872	9.102120374533086e-01	3.744506835937500e-02
5873	9.096770907651290e-01	3.692626953125000e-02
5874	9.104242300100521e-01	3.658447265625000e-02
5875	9.101378850295202e-01	3.663330078125000e-02
5876	9.110101428177136e-01	3.690185546875000e-02
5877	9.111822117771363e-01	3.548583984375000e-02
5878	9.111105948595611e-01	3.704223632812500e-02
5879	9.110090777148715e-01	3.635253906250000e-02
5880	9.111995263151269e-01	3.627319335937500e-02
5881	9.108608056618065e-01	3.683471679687500e-02
5882	9.110743769375760e-01	3.800048828125000e-02
5883	9.108474534821069e-01	3.523559570312500e-02
5884	9.108215851673546e-01	3.640747070312500e-02
5885	9.110465504897637e-01	3.585815429687500e-02
5886	9.103596600226970e-01	3.742065429687500e-02
5887	9.106161397791470e-01	3.803100585937500e-02
5888	9.103044615789720e-01	3.641357421875000e-02
5889	9.104816043179899e-01	3.635253906250000e-02
5890	9.108632722185658e-01	3.663940429687500e-02
5891	9.111659914929437e-01	3.583984375000000e-02
5892	9.105436594737862e-01	3.551635742187500e-02
5893	9.098881396637487e-01	3.738403320312500e-02
5894	9.095554021997371e-01	3.756713867187500e-02
5895	9.096467444099084e-01	3.758544921875000e-02
5896	9.090352118276165e-01	3.726196289062500e-02
5897	9.090480103868437e-01	3.865966796875000e-02
5898	9.093290617905008e-01	3.804321289062500e-02
5899	9.090008768119427e-01	3.776855468750000e-02
5900	9.091039473787595e-01	3.788452148437500e-02
5901	9.090203604700093e-01	3.703002929687500e-02
5902	9.087146588551674e-01	3.741455078125000e-02
5903	9.093321004989473e-01	3.837280273437500e-02
5904	9.096683782684741e-01	3.769531250000000e-02
5905	9.093105234313471e-01	3.670043945312500e-02
5906	9.095927775850368e-01	3.724365234375000e-02
5907	9.099003746113060e-01	3.754882812500000e-02
5908	9.097939185347773e-01	3.764038085937500e-02
5909	9.106178876082277e-01	3.630981445312500e-02
5910	9.104708341098320e-01	3.641967773437500e-02
5911	9.102758659539947e-01	3.636474609375000e-02
5912	9.099750846880563e-01	3.568725585937500e-02
5913	9.109767563906471e-01	3.662109375000000e-02
5914	9.107760245942625e-01	3.635253906250000e-02
5915	9.105294908546657e-01	3.613281250000000e-02
5916	9.104099774653213e-01	3.778076171875000e-02
5917	9.112833045331211e-01	3.654174804687500e-02
5918	9.114765766554798e-01	3.654174804687500e-02
5919	9.110383408412308e-01	3.684082031250000e-02
5920	9.105356375968826e-01	3.574829101562500e-02
5921	9.107165242414733e-01	3.598632812500000e-02
5922	9.108578541785316e-01	3.691406250000000e-02
5923	9.103499253213768e-01	3.647460937500000e-02
5924	9.094730655595741e-01	3.709716796875000e-02
5925	9.091918463968761e-01	3.664550781250000e-02
5926	9.094126346352653e-01	3.663330078125000e-02
5927	9.092926394882834e-01	3.624267578125000e-02
5928	9.086219702040602e-01	3.752441406250000e-02
5929	9.089050060678767e-01	3.731689453125000e-02
5930	9.103533157498477e-01	3.717041015625000e-02
5931	9.094743567335642e-01	3.660888671875000e-02
5932	9.090315217618624e-01	3.742065429687500e-02
5933	9.085722436670899e-01	3.728637695312500e-02
5934	9.093882126286239e-01	3.773193359375000e-02
5935	9.106145600447847e-01	3.638305664062500e-02
5936	9.096580674810389e-01	3.687133789062500e-02
5937	9.095296092019894e-01	3.720092773437500e-02
5938	9.098052346873545e-01	3.693847656250000e-02
5939	9.100022833026243e-01	3.668823242187500e-02
5940	9.099619055400100e-01	3.614501953125000e-02
5941	9.100887733005254e-01	3.771362304687500e-02
5942	9.102635770448929e-01	3.594970703125000e-02
5943	9.110270485116359e-01	3.623657226562500e-02
5944	9.106173404746049e-01	3.548583984375000e-02
5945	9.109329292375361e-01	3.637695312500000e-02
5946	9.106566178927679e-01	3.613281250000000e-02
5947	9.105130940906686e-01	3.585815429687500e-02
5948	9.092710913548191e-01	3.646850585937500e-02
5949	9.086910817285444e-01	3.807373046875000e-02
5950	9.084017014930711e-01	3.779907226562500e-02
5951	9.085951672961481e-01	3.890380859375000e-02
5952	9.088761288943777e-01	3.837280273437500e-02
5953	9.088275761376617e-01	3.742065429687500e-02
5954	9.094595341554230e-01	3.719482421875000e-02
5955	9.101151891719907e-01	3.692016601562500e-02
5956	9.100798335671635e-01	3.670043945312500e-02
5957	9.106105268081485e-01	3.641357421875000e-02
5958	9.101008720153486e-01	3.586425781250000e-02
5959	9.092764528530720e-01	3.759765625000000e-02
5960	9.095073502331278e-01	3.637695312500000e-02
5961	9.084110567451494e-01	3.696289062500000e-02
5962	9.083114770035202e-01	3.787231445312500e-02
5963	9.081553005176940e-01	3.850097656250000e-02
5964	9.086795596273474e-01	3.751831054687500e-02
5965	9.093839869890755e-01	3.670654296875000e-02
5966	9.094031384883738e-01	3.703002929687500e-02
5967	9.091666406568614e-01	3.768920898437500e-02
5968	9.100255778063913e-01	3.759155273437500e-02
5969	9.101090327191671e-01	3.675537109375000e-02
5970	9.096541553625800e-01	3.670654296875000e-02
5971	9.106016889920742e-01	3.737792968750000e-02
5972	9.101100891773739e-01	3.676757812500000e-02
5973	9.102450942332182e-01	3.706054687500000e-02
5974	9.083761629228025e-01	3.702392578125000e-02
5975	9.096898922229251e-01	3.783569335937500e-02
5976	9.099918957657986e-01	3.703002929687500e-02
5977	9.091980732464893e-01	3.664550781250000e-02
5978	9.091338605362104e-01	3.771362304687500e-02
5979	9.095647991501045e-01	3.665161132812500e-02
5980	9.090696739131320e-01	3.820800781250000e-02
5981	9.092907008826575e-01	3.743896484375000e-02
5982	9.097017801784828e-01	3.718261718750000e-02
5983	9.094967624942405e-01	3.706054687500000e-02
5984	9.100064953360295e-01	3.853149414062500e-02
5985	9.089899334323297e-01	3.654174804687500e-02
5986	9.093609068773908e-01	3.699951171875000e-02
5987	9.092307084699272e-01	3.735961914062500e-02
5988	9.097234568740883e-01	3.695068359375000e-02
5989	9.103081946474808e-01	3.811645507812500e-02
5990	9.098793756589143e-01	3.665161132812500e-02
5991	9.107883693449400e-01	3.682250976562500e-02
5992	9.105899754652089e-01	3.658447265625000e-02
5993	9.102375542951453e-01	3.675537109375000e-02
5994	9.101969855052557e-01	3.685302734375000e-02
5995	9.106376257915235e-01	3.648681640625000e-02
5996	9.111551534785985e-01	3.593750000000000e-02
5997	9.107415857226661e-01	3.645629882812500e-02
5998	9.105426890707475e-01	3.635253906250000e-02
5999	9.099878655134592e-01	3.735961914062500e-02
6000	9.093874044205870e-01	3.660278320312500e-02
6001	9.101550889604541e-01	3.707275390625000e-02
6002	9.096430013876482e-01	3.701171875000000e-02
6003	9.094680421650866e-01	3.724365234375000e-02
6004	9.088121259522640e-01	3.690795898437500e-02
6005	9.088828919023038e-01	3.839721679687500e-02
6006	9.094319215684225e-01	3.704833984375000e-02
6007	9.093153883664247e-01	3.771362304687500e-02
6008	9.097552068308553e-01	3.734741210937500e-02
6009	9.101929483247752e-01	3.720703125000000e-02
6010	9.098220489235288e-01	3.724365234375000e-02
6011	9.103109590554513e-01	3.687744140625000e-02
6012	9.097762228781731e-01	3.860473632812500e-02
6013	9.101822629412469e-01	3.648681640625000e-02
6014	9.103691607532099e-01	3.607788085937500e-02
6015	9.100516728264757e-01	3.718872070312500e-02
6016	9.100415471817892e-01	3.717041015625000e-02
6017	9.097513148834332e-01	3.723754882812500e-02
6018	9.100753499102990e-01	3.691406250000000e-02
6019	9.101430326345938e-01	3.774414062500000e-02
6020	9.104469131847672e-01	3.659667968750000e-02
6021	9.091341455608332e-01	3.740844726562500e-02
6022	9.091195728777518e-01	3.812866210937500e-02
6023	9.099207101373402e-01	3.682250976562500e-02
6024	9.096855417916333e-01	3.662719726562500e-02
6025	9.101332870548150e-01	3.721313476562500e-02
6026	9.104203817874682e-01	3.726196289062500e-02
6027	9.105453638218481e-01	3.638916015625000e-02
6028	9.107993669673560e-01	3.618774414062500e-02
6029	9.107590737220598e-01	3.565673828125000e-02
6030	9.110596228989505e-01	3.518066406250000e-02
6031	9.102580471332784e-01	3.585815429687500e-02
6032	9.105839670806462e-01	3.578491210937500e-02
6033	9.098871479054820e-01	3.673706054687500e-02
6034	9.102726947789787e-01	3.711547851562500e-02
6035	9.094841050278714e-01	3.792114257812500e-02
6036	9.107152275547007e-01	3.711547851562500e-02
6037	9.105289259580852e-01	3.609008789062500e-02
6038	9.094930230613909e-01	3.787231445312500e-02
6039	9.091638052455379e-01	3.705444335937500e-02
6040	9.095671254099621e-01	3.690185546875000e-02
6041	9.096681159693389e-01	3.765258789062500e-02
6042	9.104717335134561e-01	3.741455078125000e-02
6043	9.099969302221922e-01	3.645019531250000e-02
6044	9.101516412939449e-01	3.701782226562500e-02
6045	9.101680863626399e-01	3.628540039062500e-02
6046	9.102524726905702e-01	3.683471679687500e-02
6047	9.091594714500646e-01	3.729248046875000e-02
6048	9.095566776449385e-01	3.695678710937500e-02
6049	9.099964493001190e-01	3.712768554687500e-02
6050	9.110258482860387e-01	3.641967773437500e-02
6051	9.112514892752568e-01	3.473510742187500e-02
6052	9.103199913366150e-01	3.715209960937500e-02
6053	9.111921208668714e-01	3.681640625000000e-02
6054	9.110876334248600e-01	3.464355468750000e-02
6055	9.112164064060481e-01	3.599243164062500e-02
6056	9.101328921808823e-01	3.608398437500000e-02
6057	9.100972878119026e-01	3.642578125000000e-02
6058	9.098263875029270e-01	3.666381835937500e-02
6059	9.097409017046175e-01	3.790893554687500e-02
6060	9.094630230758559e-01	3.746337890625000e-02
6061	9.096323892231534e-01	3.704833984375000e-02
6062	9.095721345610798e-01	3.729858398437500e-02
6063	9.094640159508908e-01	3.762817382812500e-02
6064	9.102196199779512e-01	3.684692382812500e-02
6065	9.098673685455460e-01	3.643798828125000e-02
6066	9.094169597888030e-01	3.837890625000000e-02
6067	9.108643983553496e-01	3.704833984375000e-02
6068	9.097378572831381e-01	3.685302734375000e-02
6069	9.101813815759882e-01	3.698120117187500e-02
6070	9.097092391829662e-01	3.629760742187500e-02
6071	9.093202049932324e-01	3.636474609375000e-02
6072	9.098276806223988e-01	3.742065429687500e-02
6073	9.101925376570822e-01	3.649902343750000e-02
6074	9.102930451946905e-01	3.561401367187500e-02
6075	9.103629812082407e-01	3.674926757812500e-02
6076	9.102139016117440e-01	3.712158203125000e-02
6077	9.102970107228735e-01	3.722534179687500e-02
6078	9.100861154835277e-01	3.656616210937500e-02
6079	9.100645111853362e-01	3.580932617187500e-02
6080	9.106458317008207e-01	3.588867187500000e-02
6081	9.105808428472746e-01	3.601074218750000e-02
6082	9.100802210166191e-01	3.652343750000000e-02
6083	9.107527989759571e-01	3.631591796875000e-02
6084	9.104666410694677e-01	3.708496093750000e-02
6085	9.110939706240311e-01	3.703613281250000e-02
6086	9.102029103962034e-01	3.663940429687500e-02
6087	9.107565675212137e-01	3.657836914062500e-02
6088	9.103245264406882e-01	3.613891601562500e-02
6089	9.097716104468798e-01	3.673095703125000e-02
6090	9.103592606283257e-01	3.610229492187500e-02
6091	9.108104517187340e-01	3.600463867187500e-02
6092	9.106850483915226e-01	3.670043945312500e-02
6093	9.107931532810443e-01	3.566284179687500e-02
6094	9.107215011151796e-01	3.621215820312500e-02
6095	9.097288075140297e-01	3.605957031250000e-02
6096	9.099601778642675e-01	3.696289062500000e-02
6097	9.097138078921092e-01	3.721923828125000e-02
6098	9.102670461534165e-01	3.710327148437500e-02
6099	9.103889870804114e-01	3.664550781250000e-02
6100	9.096445387930608e-01	3.779296875000000e-02
6101	9.098845819429010e-01	3.616943359375000e-02
6102	9.097821598682921e-01	3.721923828125000e-02
6103	9.095974845915870e-01	3.718261718750000e-02
6104	9.099187069744324e-01	3.684082031250000e-02
6105	9.096469703802685e-01	3.676147460937500e-02
6106	9.095894223378679e-01	3.670654296875000e-02
6107	9.099585873556705e-01	3.699951171875000e-02
6108	9.100059892906102e-01	3.743286132812500e-02
6109	9.100687574049705e-01	3.591918945312500e-02
6110	9.095993131339032e-01	3.782348632812500e-02
6111	9.096022607505230e-01	3.656616210937500e-02
6112	9.097772786592967e-01	3.750610351562500e-02
6113	9.094963464551520e-01	3.713378906250000e-02
6114	9.087835970241110e-01	3.693847656250000e-02
6115	9.089299789674795e-01	3.682861328125000e-02
6116	9.092569365543102e-01	3.726196289062500e-02
6117	9.106513482222999e-01	3.732299804687500e-02
6118	9.100199767500091e-01	3.726806640625000e-02
6119	9.104657310175708e-01	3.730468750000000e-02
6120	9.103857777063871e-01	3.602905273437500e-02
6121	9.107926668907737e-01	3.642578125000000e-02
6122	9.114375923628396e-01	3.564453125000000e-02
6123	9.103700177485718e-01	3.640136718750000e-02
6124	9.093425018072874e-01	3.681030273437500e-02
6125	9.099657210141493e-01	3.710937500000000e-02
6126	9.093167606373008e-01	3.756713867187500e-02
6127	9.094852405693100e-01	3.616333007812500e-02
6128	9.093781279898452e-01	3.776245117187500e-02
6129	9.093518932862831e-01	3.796386718750000e-02
6130	9.098553147951244e-01	3.750000000000000e-02
6131	9.101538621018089e-01	3.664550781250000e-02
6132	9.102410550733971e-01	3.709716796875000e-02
6133	9.100030587147904e-01	3.719482421875000e-02
6134	9.103203225008177e-01	3.679809570312500e-02
6135	9.107856000429074e-01	3.618774414062500e-02
6136	9.102089474345302e-01	3.739013671875000e-02
6137	9.103893885330286e-01	3.666992187500000e-02
6138	9.096133432443635e-01	3.677368164062500e-02
6139	9.097679503112258e-01	3.745117187500000e-02
6140	9.090731151071106e-01	3.665161132812500e-02
6141	9.090384988921514e-01	3.764648437500000e-02
6142	9.084155311335648e-01	3.866577148437500e-02
6143	9.092816820079892e-01	3.786621093750000e-02
6144	9.097510231701417e-01	3.696899414062500e-02
6145	9.100424650695649e-01	3.678588867187500e-02
6146	9.106092289432987e-01	3.671875000000000e-02
6147	9.101322196987963e-01	3.771362304687500e-02
6148	9.105776710868998e-01	3.666381835937500e-02
6149	9.093800084529250e-01	3.682250976562500e-02
6150	9.100153725875040e-01	3.774414062500000e-02
6151	9.107823973624107e-01	3.599853515625000e-02
6152	9.100715414020506e-01	3.646850585937500e-02
6153	9.102698997723491e-01	3.547973632812500e-02
6154	9.097575912444138e-01	3.699951171875000e-02
6155	9.102272211252248e-01	3.767700195312500e-02
6156	9.105494628165118e-01	3.684082031250000e-02
6157	9.106678314724178e-01	3.708496093750000e-02
6158	9.106130962633644e-01	3.586425781250000e-02
6159	9.110898872117107e-01	3.629760742187500e-02
6160	9.099386951862867e-01	3.584594726562500e-02
6161	9.099567736926738e-01	3.684692382812500e-02
6162	9.097017742589012e-01	3.647460937500000e-02
6163	9.099137827784552e-01	3.738403320312500e-02
6164	9.102427922564252e-01	3.634033203125000e-02
6165	9.107781174032986e-01	3.600463867187500e-02
6166	9.108448508993118e-01	3.615722656250000e-02
6167	9.109724007332304e-01	3.496093750000000e-02
6168	9.101157165177320e-01	3.605957031250000e-02
6169	9.099072933545056e-01	3.549194335937500e-02
6170	9.111722495562851e-01	3.681640625000000e-02
6171	9.106040639082678e-01	3.664550781250000e-02
6172	9.101807644272436e-01	3.696289062500000e-02
6173	9.106461086115344e-01	3.698120117187500e-02
6174	9.099902875382314e-01	3.613281250000000e-02
6175	9.100009481275636e-01	3.709106445312500e-02
6176	9.096510289607963e-01	3.799438476562500e-02
6177	9.100856190984533e-01	3.690185546875000e-02
6178	9.100437348467872e-01	3.641357421875000e-02
6179	9.108888609087969e-01	3.599853515625000e-02
6180	9.113066327517970e-01	3.646240234375000e-02
6181	9.111109258356053e-01	3.555297851562500e-02
6182	9.105227830142789e-01	3.592529296875000e-02
6183	9.102163743766368e-01	3.646850585937500e-02
6184	9.095805526956146e-01	3.708496093750000e-02
6185	9.099335770070039e-01	3.712768554687500e-02
6186	9.100119420042264e-01	3.701171875000000e-02
6187	9.097737114647000e-01	3.764038085937500e-02
6188	9.090796164816615e-01	3.657836914062500e-02
6189	9.088926623183146e-01	3.815307617187500e-02
6190	9.103215704633989e-01	3.719482421875000e-02
6191	9.100430308109527e-01	3.695678710937500e-02
6192	9.095977089956871e-01	3.729858398437500e-02
6193	9.091363067634833e-01	3.739624023437500e-02
6194	9.095963518165456e-01	3.833618164062500e-02
6195	9.101603701675237e-01	3.682250976562500e-02
6196	9.095205792722983e-01	3.740234375000000e-02
6197	9.092275993857245e-01	3.753662109375000e-02
6198	9.099734957557142e-01	3.802490234375000e-02
6199	9.093094642556071e-01	3.691406250000000e-02
6200	9.097646356457686e-01	3.774414062500000e-02
6201	9.106551763074506e-01	3.626098632812500e-02
6202	9.098415025072885e-01	3.579101562500000e-02
6203	9.096417832702407e-01	3.615722656250000e-02
6204	9.101004623762284e-01	3.699951171875000e-02
6205	9.104307508780528e-01	3.682250976562500e-02
6206	9.103547223612679e-01	3.650512695312500e-02
6207	9.100096653809019e-01	3.582153320312500e-02
6208	9.104135937627506e-01	3.677978515625000e-02
6209	9.110614930997606e-01	3.696289062500000e-02
6210	9.111048788690809e-01	3.634033203125000e-02
6211	9.105355415900703e-01	3.598022460937500e-02
6212	9.107614362032175e-01	3.609619140625000e-02
6213	9.101745070770536e-01	3.709716796875000e-02
6214	9.108051775678828e-01	3.613281250000000e-02
6215	9.106297272902152e-01	3.621826171875000e-02
6216	9.099571218331222e-01	3.624267578125000e-02
6217	9.098092378506689e-01	3.700561523437500e-02
6218	9.111184374145403e-01	3.651123046875000e-02
6219	9.097165795667643e-01	3.663330078125000e-02
6220	9.099796109074029e-01	3.736572265625000e-02
6221	9.096417162080220e-01	3.743286132812500e-02
6222	9.102293750652700e-01	3.653564453125000e-02
6223	9.108691759583457e-01	3.682861328125000e-02
6224	9.105554653999550e-01	3.660278320312500e-02
6225	9.112241462653072e-01	3.504028320312500e-02
6226	9.115183064525985e-01	3.701782226562500e-02
6227	9.111577140463666e-01	3.567504882812500e-02
6228	9.114533618848070e-01	3.588867187500000e-02
6229	9.110335585094718e-01	3.664550781250000e-02
6230	9.110996853750170e-01	3.602905273437500e-02
6231	9.111654571176541e-01	3.648681640625000e-02
6232	9.110832007947135e-01	3.656005859375000e-02
6233	9.106795450230387e-01	3.702392578125000e-02
6234	9.109421957021749e-01	3.514404296875000e-02
6235	9.108510320547171e-01	3.760986328125000e-02
6236	9.107429308810605e-01	3.615112304687500e-02
6237	9.108496004629733e-01	3.735351562500000e-02
6238	9.102141079784433e-01	3.677978515625000e-02
6239	9.092417285753435e-01	3.790893554687500e-02
6240	9.102308196972514e-01	3.740844726562500e-02
6241	9.093216971395420e-01	3.745117187500000e-02
6242	9.097682371476948e-01	3.759155273437500e-02
6243	9.103510466142004e-01	3.707885742187500e-02
6244	9.108230781290342e-01	3.717041015625000e-02
6245	9.110018668745520e-01	3.569335937500000e-02
6246	9.103098774740971e-01	3.521728515625000e-02
6247	9.105121487944982e-01	3.666381835937500e-02
6248	9.112331032806241e-01	3.623046875000000e-02
6249	9.101765065741176e-01	3.618774414062500e-02
6250	9.095488370401141e-01	3.743286132812500e-02
6251	9.102719891294365e-01	3.763427734375000e-02
6252	9.098408785339634e-01	3.635864257812500e-02
6253	9.098954621101417e-01	3.706665039062500e-02
6254	9.104695459623872e-01	3.698730468750000e-02
6255	9.095606414277259e-01	3.765869140625000e-02
6256	9.096458503639098e-01	3.825073242187500e-02
6257	9.101026979447812e-01	3.691406250000000e-02
6258	9.100667516051330e-01	3.698120117187500e-02
6259	9.103895408387302e-01	3.651733398437500e-02
6260	9.103591454116445e-01	3.703613281250000e-02
6261	9.094459894947882e-01	3.686523437500000e-02
6262	9.108793432545941e-01	3.657226562500000e-02
6263	9.106083272900992e-01	3.601684570312500e-02
6264	9.101038426001323e-01	3.677978515625000e-02
6265	9.097523526187716e-01	3.706665039062500e-02
6266	9.106031794978376e-01	3.695068359375000e-02
6267	9.105324307395589e-01	3.706665039062500e-02
6268	9.101687480193615e-01	3.632202148437500e-02
6269	9.094264802130486e-01	3.795776367187500e-02
6270	9.098221537233132e-01	3.725585937500000e-02
6271	9.095936383911645e-01	3.727416992187500e-02
6272	9.100580516016991e-01	3.720703125000000e-02
6273	9.102628806164295e-01	3.687744140625000e-02
6274	9.100303519023584e-01	3.670654296875000e-02
6275	9.094367590317546e-01	3.782958984375000e-02
6276	9.090541953811492e-01	3.759155273437500e-02
6277	9.094225610104147e-01	3.745727539062500e-02
6278	9.104132277628171e-01	3.737792968750000e-02
6279	9.097962398022029e-01	3.805541992187500e-02
6280	9.104579671113209e-01	3.751220703125000e-02
6281	9.106366369529141e-01	3.651123046875000e-02
6282	9.105046618875635e-01	3.656005859375000e-02
6283	9.108853828227722e-01	3.699340820312500e-02
6284	9.109881615974215e-01	3.582153320312500e-02
6285	9.107723280456080e-01	3.703613281250000e-02
6286	9.109562270547505e-01	3.554077148437500e-02
6287	9.098535381063155e-01	3.579711914062500e-02
6288	9.111545987542969e-01	3.618164062500000e-02
6289	9.100601876802612e-01	3.582763671875000e-02
6290	9.099130439304131e-01	3.640136718750000e-02
6291	9.106913626351535e-01	3.729248046875000e-02
6292	9.106885575494128e-01	3.657226562500000e-02
6293	9.103943546086574e-01	3.667602539062500e-02
6294	9.104633476758369e-01	3.707275390625000e-02
6295	9.105709815151871e-01	3.677978515625000e-02
6296	9.109377473890384e-01	3.568725585937500e-02
6297	9.101726065883531e-01	3.573608398437500e-02
6298	9.103143725502175e-01	3.616333007812500e-02
6299	9.098136088357663e-01	3.639526367187500e-02
6300	9.095733745435344e-01	3.734741210937500e-02
6301	9.100152408526102e-01	3.732299804687500e-02
6302	9.100904001103153e-01	3.767700195312500e-02
6303	9.097797768441614e-01	3.666381835937500e-02
6304	9.098736489865568e-01	3.612670898437500e-02
6305	9.098089735485346e-01	3.674926757812500e-02
6306	9.098736934159025e-01	3.649902343750000e-02
6307	9.095048559008071e-01	3.718261718750000e-02
6308	9.090482109604991e-01	3.674316406250000e-02
6309	9.095226362220519e-01	3.743286132812500e-02
6310	9.099074728833055e-01	3.735961914062500e-02
6311	9.100813427561011e-01	3.724365234375000e-02
6312	9.105306590562372e-01	3.615722656250000e-02
6313	9.111042293293391e-01	3.670043945312500e-02
6314	9.109626372236522e-01	3.661499023437500e-02
6315	9.101849866876872e-01	3.692016601562500e-02
6316	9.100873752791298e-01	3.719482421875000e-02
6317	9.085843329092899e-01	3.736572265625000e-02
6318	9.096882261467232e-01	3.789062500000000e-02
6319	9.092680839391777e-01	3.689575195312500e-02
6320	9.103264350300816e-01	3.609619140625000e-02
6321	9.105792084685277e-01	3.569335937500000e-02
6322	9.094255392804947e-01	3.704833984375000e-02
6323	9.100073601233537e-01	3.708496093750000e-02
6324	9.092178513291683e-01	3.679199218750000e-02
6325	9.096404232293507e-01	3.785400390625000e-02
6326	9.094032894723699e-01	3.674926757812500e-02
6327	9.104337137100570e-01	3.689575195312500e-02
6328	9.109800231669193e-01	3.718261718750000e-02
6329	9.111366596836455e-01	3.659057617187500e-02
6330	9.113074218007463e-01	3.562011718750000e-02
6331	9.105799538078202e-01	3.692016601562500e-02
6332	9.104171506039657e-01	3.699951171875000e-02
6333	9.106479647663902e-01	3.677368164062500e-02
6334	9.106163136360746e-01	3.648681640625000e-02
6335	9.098013109184874e-01	3.632202148437500e-02
6336	9.096929558902710e-01	3.713989257812500e-02
6337	9.098378421111608e-01	3.725585937500000e-02
6338	9.099145335221633e-01	3.770141601562500e-02
6339	9.102956872588321e-01	3.677368164062500e-02
6340	9.105637306536377e-01	3.657226562500000e-02
6341	9.103656469228234e-01	3.750610351562500e-02
6342	9.099462142323468e-01	3.710937500000000e-02
6343	9.100641506634902e-01	3.754882812500000e-02
6344	9.101271419615711e-01	3.651733398437500e-02
6345	9.097173141210094e-01	3.676757812500000e-02
6346	9.104677135549682e-01	3.643798828125000e-02
6347	9.107750304334387e-01	3.665771484375000e-02
6348	9.116286377176573e-01	3.549804687500000e-02
6349	9.114957562788604e-01	3.546752929687500e-02
6350	9.109921185808419e-01	3.649291992187500e-02
6351	9.108613997494004e-01	3.698120117187500e-02
6352	9.107768024685602e-01	3.657836914062500e-02
6353	9.102319213384477e-01	3.694458007812500e-02
6354	9.104586244442009e-01	3.734741210937500e-02
6355	9.098666519628380e-01	3.566894531250000e-02
6356	9.103476152147486e-01	3.507690429687500e-02
6357	9.099688388486884e-01	3.620605468750000e-02
6358	9.097466754642444e-01	3.686523437500000e-02
6359	9.104106301343067e-01	3.641357421875000e-02
6360	9.107965358082720e-01	3.613891601562500e-02
6361	9.108437590878345e-01	3.618774414062500e-02
6362	9.112834465583504e-01	3.615722656250000e-02
6363	9.109834196395451e-01	3.717651367187500e-02
6364	9.111167547163981e-01	3.587646484375000e-02
6365	9.110316247837965e-01	3.598022460937500e-02
6366	9.111441946148334e-01	3.672485351562500e-02
6367	9.106364376710493e-01	3.624267578125000e-02
6368	9.104688071784005e-01	3.587036132812500e-02
6369	9.105850605417993e-01	3.694458007812500e-02
6370	9.101532948658936e-01	3.655395507812500e-02
6371	9.104416834298377e-01	3.612060546875000e-02
6372	9.103816718649403e-01	3.676757812500000e-02
6373	9.098957387222529e-01	3.673095703125000e-02
6374	9.100056042738385e-01	3.695678710937500e-02
6375	9.099742851292225e-01	3.732910156250000e-02
6376	9.108815997440730e-01	3.624877929687500e-02
6377	9.113689749651926e-01	3.632202148437500e-02
6378	9.115176937709509e-01	3.625488281250000e-02
6379	9.118494506634448e-01	3.586425781250000e-02
6380	9.107692650367142e-01	3.601684570312500e-02
6381	9.117869208009218e-01	3.520507812500000e-02
6382	9.118414773639718e-01	3.607177734375000e-02
6383	9.110403637427527e-01	3.508300781250000e-02
6384	9.104836298728239e-01	3.602905273437500e-02
6385	9.101089580959799e-01	3.681030273437500e-02
6386	9.104644672192914e-01	3.656005859375000e-02
6387	9.103697854520941e-01	3.674316406250000e-02
6388	9.102776350232883e-01	3.665161132812500e-02
6389	9.095316081372434e-01	3.661499023437500e-02
6390	9.087654132174978e-01	3.774414062500000e-02
6391	9.082564182649112e-01	3.750000000000000e-02
6392	9.086774150196358e-01	3.677368164062500e-02
6393	9.095519140850140e-01	3.760375976562500e-02
6394	9.096005878206058e-01	3.651733398437500e-02
6395	9.097609053590898e-01	3.659667968750000e-02
6396	9.095078445773854e-01	3.640136718750000e-02
6397	9.097728280448992e-01	3.692626953125000e-02
6398	9.097823087678133e-01	3.656616210937500e-02
6399	9.092589122085989e-01	3.717651367187500e-02
6400	9.093722635114011e-01	3.704223632812500e-02
6401	9.094088646942112e-01	3.621215820312500e-02
6402	9.087872896369326e-01	3.773193359375000e-02
6403	9.097391293352434e-01	3.710327148437500e-02
6404	9.089347047315043e-01	3.690185546875000e-02
6405	9.094825136847421e-01	3.743286132812500e-02
6406	9.098906182740780e-01	3.697509765625000e-02
6407	9.095972414300119e-01	3.698120117187500e-02
6408	9.099323347710072e-01	3.729248046875000e-02
6409	9.097243104887150e-01	3.707885742187500e-02
6410	9.097830864642580e-01	3.674926757812500e-02
6411	9.099280569475119e-01	3.629760742187500e-02
6412	9.094956913780815e-01	3.695678710937500e-02
6413	9.096229455625892e-01	3.668212890625000e-02
6414	9.098587692116972e-01	3.718872070312500e-02
6415	9.096211391869086e-01	3.598022460937500e-02
6416	9.094401650128727e-01	3.715209960937500e-02
6417	9.095717839555575e-01	3.681030273437500e-02
6418	9.100773734129947e-01	3.756103515625000e-02
6419	9.102796683187765e-01	3.674316406250000e-02
6420	9.103877137945160e-01	3.651733398437500e-02
6421	9.103632481381050e-01	3.621826171875000e-02
6422	9.101235855353239e-01	3.685302734375000e-02
6423	9.093233231714942e-01	3.696899414062500e-02
6424	9.097619193408173e-01	3.726196289062500e-02
6425	9.097711554964484e-01	3.716430664062500e-02
6426	9.098819797810763e-01	3.665161132812500e-02
6427	9.099044613812671e-01	3.714599609375000e-02
6428	9.099709834097184e-01	3.646850585937500e-02
6429	9.094450835416635e-01	3.726806640625000e-02
6430	9.086874405988129e-01	3.711547851562500e-02
6431	9.090885804726488e-01	3.798828125000000e-02
6432	9.088270391747136e-01	3.637084960937500e-02
6433	9.091065991325532e-01	3.812866210937500e-02
6434	9.091947816252248e-01	3.722534179687500e-02
6435	9.084165040636618e-01	3.695068359375000e-02
6436	9.089252508258435e-01	3.665771484375000e-02
6437	9.091628794324924e-01	3.735351562500000e-02
6438	9.093724585618729e-01	3.629150390625000e-02
6439	9.097941014982615e-01	3.710937500000000e-02
6440	9.105422080019636e-01	3.645629882812500e-02
6441	9.105732592026435e-01	3.616333007812500e-02
6442	9.098610333795881e-01	3.657836914062500e-02
6443	9.106440725560793e-01	3.679199218750000e-02
6444	9.106318542899082e-01	3.690795898437500e-02
6445	9.097541957053853e-01	3.682250976562500e-02
6446	9.097654934081650e-01	3.730468750000000e-02
6447	9.102388906970348e-01	3.725585937500000e-02
6448	9.102179680171226e-01	3.739624023437500e-02
6449	9.099431699296580e-01	3.726806640625000e-02
6450	9.098176366377378e-01	3.663330078125000e-02
6451	9.105810238731551e-01	3.699951171875000e-02
6452	9.110767162979411e-01	3.641357421875000e-02
6453	9.112996248128736e-01	3.570556640625000e-02
6454	9.108294235634705e-01	3.508300781250000e-02
6455	9.107926291465490e-01	3.666992187500000e-02
6456	9.100550467821359e-01	3.665771484375000e-02
6457	9.098128043980358e-01	3.756103515625000e-02
6458	9.111609952530616e-01	3.660278320312500e-02
6459	9.100436674286612e-01	3.692626953125000e-02
6460	9.109206697174077e-01	3.717041015625000e-02
6461	9.106236317381007e-01	3.701171875000000e-02
6462	9.107598962790856e-01	3.670654296875000e-02
6463	9.099106077618168e-01	3.696899414062500e-02
6464	9.097205769913694e-01	3.740844726562500e-02
6465	9.107859139145901e-01	3.687133789062500e-02
6466	9.099940431665968e-01	3.572998046875000e-02
6467	9.100041877075761e-01	3.695068359375000e-02
6468	9.092540926844607e-01	3.750610351562500e-02
6469	9.097593540838620e-01	3.884887695312500e-02
6470	9.101565044308373e-01	3.713989257812500e-02
6471	9.097440741413529e-01	3.648681640625000e-02
6472	9.097246188262879e-01	3.669433593750000e-02
6473	9.092403505357584e-01	3.709716796875000e-02
6474	9.104292143943390e-01	3.737182617187500e-02
6475	9.103430741690288e-01	3.653564453125000e-02
6476	9.101463484949207e-01	3.705444335937500e-02
6477	9.106202712032908e-01	3.670654296875000e-02
6478	9.111584565887293e-01	3.564453125000000e-02
6479	9.104363589254986e-01	3.612670898437500e-02
6480	9.104453596914294e-01	3.624267578125000e-02
6481	9.109042425643364e-01	3.572998046875000e-02
6482	9.098408618450383e-01	3.617553710937500e-02
6483	9.099512230377412e-01	3.728027343750000e-02
6484	9.096853508961451e-01	3.678588867187500e-02
6485	9.110796342056985e-01	3.585205078125000e-02
6486	9.105010065674600e-01	3.644409179687500e-02
6487	9.107676746042599e-01	3.657836914062500e-02
6488	9.102655374321508e-01	3.573608398437500e-02
6489	9.106364124147208e-01	3.733520507812500e-02
6490	9.103242576043337e-01	3.595581054687500e-02
6491	9.101287964452700e-01	3.614501953125000e-02
6492	9.101324492399935e-01	3.685302734375000e-02
6493	9.102693412349038e-01	3.673706054687500e-02
6494	9.106786537115683e-01	3.687133789062500e-02
6495	9.106033105880181e-01	3.640747070312500e-02
6496	9.104519251235706e-01	3.646240234375000e-02
6497	9.097679032979998e-01	3.657226562500000e-02
6498	9.094756901489047e-01	3.787231445312500e-02
6499	9.096819181953252e-01	3.735961914062500e-02
6500	9.100277739315614e-01	3.693237304687500e-02
6501	9.107561611372943e-01	3.704223632812500e-02
6502	9.097783668410063e-01	3.737182617187500e-02
6503	9.097735955706793e-01	3.812866210937500e-02
6504	9.100779241610294e-01	3.621826171875000e-02
6505	9.102206604076201e-01	3.618164062500000e-02
6506	9.100956259294960e-01	3.621215820312500e-02
6507	9.092819656914249e-01	3.841552734375000e-02
6508	9.089737558263149e-01	3.817749023437500e-02
6509	9.090612801839298e-01	3.699340820312500e-02
6510	9.089366805555653e-01	3.720703125000000e-02
6511	9.097857932672849e-01	3.723144531250000e-02
6512	9.094795315145195e-01	3.598632812500000e-02
6513	9.090799233343807e-01	3.705444335937500e-02
6514	9.097242829193498e-01	3.665771484375000e-02
6515	9.098394166868409e-01	3.684082031250000e-02
6516	9.094326379060061e-01	3.743286132812500e-02
6517	9.103648379813474e-01	3.600463867187500e-02
6518	9.093999230858402e-01	3.742675781250000e-02
6519	9.090751922400971e-01	3.680419921875000e-02
6520	9.092330157409799e-01	3.699951171875000e-02
6521	9.091712166781805e-01	3.724975585937500e-02
6522	9.084882180140523e-01	3.773803710937500e-02
6523	9.087400611518536e-01	3.703002929687500e-02
6524	9.088676334415490e-01	3.669433593750000e-02
6525	9.089158781123627e-01	3.848876953125000e-02
6526	9.090093304201207e-01	3.631591796875000e-02
6527	9.094343153839116e-01	3.698120117187500e-02
6528	9.095173119473188e-01	3.818969726562500e-02
6529	9.101396660021677e-01	3.610839843750000e-02
6530	9.104360900925195e-01	3.701171875000000e-02
6531	9.106770305931114e-01	3.750000000000000e-02
6532	9.111092996231102e-01	3.651123046875000e-02
6533	9.104673297869450e-01	3.693847656250000e-02
6534	9.105919881010185e-01	3.600463867187500e-02
6535	9.098376438011136e-01	3.600463867187500e-02
6536	9.090301650786042e-01	3.781738281250000e-02
6537	9.100444723088740e-01	3.768310546875000e-02
6538	9.091788940629133e-01	3.694458007812500e-02
6539	9.084224963053714e-01	3.769531250000000e-02
6540	9.098955488499403e-01	3.743896484375000e-02
6541	9.097553175183326e-01	3.695678710937500e-02
6542	9.104608404280569e-01	3.645019531250000e-02
6543	9.095255067149305e-01	3.639526367187500e-02
6544	9.098599047932545e-01	3.698730468750000e-02
6545	9.100268418304261e-01	3.716430664062500e-02
6546	9.093981529736026e-01	3.649902343750000e-02
6547	9.099260005852431e-01	3.691406250000000e-02
6548	9.098010776236491e-01	3.605957031250000e-02
6549	9.091677740690174e-01	3.677368164062500e-02
6550	9.086262636371053e-01	3.771972656250000e-02
6551	9.091203038497984e-01	3.784179687500000e-02
6552	9.090268852519195e-01	3.681640625000000e-02
6553	9.084017135086704e-01	3.764648437500000e-02
6554	9.096034739166172e-01	3.715209960937500e-02
6555	9.100847241484106e-01	3.623657226562500e-02
6556	9.100712963433373e-01	3.724975585937500e-02
6557	9.104243051820323e-01	3.618164062500000e-02
6558	9.101604460872813e-01	3.580322265625000e-02
6559	9.102232935043113e-01	3.557739257812500e-02
6560	9.097590006752100e-01	3.669433593750000e-02
6561	9.088259605793604e-01	3.525390625000000e-02
6562	9.094047553747769e-01	3.657226562500000e-02
6563	9.090433447492589e-01	3.696899414062500e-02
6564	9.097946275725096e-01	3.650512695312500e-02
6565	9.095321806417361e-01	3.676147460937500e-02
6566	9.095721807203271e-01	3.685302734375000e-02
6567	9.095923202285072e-01	3.715820312500000e-02
6568	9.098489411790490e-01	3.763427734375000e-02
6569	9.096295159281422e-01	3.657226562500000e-02
6570	9.095934371531483e-01	3.735961914062500e-02
6571	9.106277354825995e-01	3.659667968750000e-02
6572	9.115848444807021e-01	3.617553710937500e-02
6573	9.115685520071596e-01	3.557128906250000e-02
6574	9.102026096200281e-01	3.542480468750000e-02
6575	9.103135399377912e-01	3.628540039062500e-02
6576	9.101395184681613e-01	3.649902343750000e-02
6577	9.094564037423818e-01	3.669433593750000e-02
6578	9.092342917124850e-01	3.797607421875000e-02
6579	9.091375083196804e-01	3.728027343750000e-02
6580	9.089290794724750e-01	3.688964843750000e-02
6581	9.106101270299231e-01	3.639526367187500e-02
6582	9.094618127296138e-01	3.610229492187500e-02
6583	9.095348142957721e-01	3.726806640625000e-02
6584	9.097343488358379e-01	3.682250976562500e-02
6585	9.091953829885947e-01	3.759765625000000e-02
6586	9.091932112285223e-01	3.746337890625000e-02
6587	9.106177557834521e-01	3.728027343750000e-02
6588	9.105325688232809e-01	3.685913085937500e-02
6589	9.103780724934879e-01	3.713989257812500e-02
6590	9.104432470078475e-01	3.734741210937500e-02
6591	9.102010430770041e-01	3.609008789062500e-02
6592	9.099282431713563e-01	3.634643554687500e-02
6593	9.088150092945574e-01	3.653564453125000e-02
6594	9.089563296332780e-01	3.759765625000000e-02
6595	9.088565113657644e-01	3.764648437500000e-02
6596	9.094156795239056e-01	3.819580078125000e-02
6597	9.094637247821908e-01	3.682250976562500e-02
6598	9.100670136680438e-01	3.826293945312500e-02
6599	9.098556412182855e-01	3.663330078125000e-02
6600	9.100734227720987e-01	3.608398437500000e-02
6601	9.097199986911039e-01	3.631591796875000e-02
6602	9.090571266400279e-01	3.735351562500000e-02
6603	9.093843086826155e-01	3.676757812500000e-02
6604	9.095893475636135e-01	3.657836914062500e-02
6605	9.098513508739868e-01	3.696289062500000e-02
6606	9.100479238937297e-01	3.659667968750000e-02
6607	9.097608384195590e-01	3.629760742187500e-02
6608	9.108086902848851e-01	3.610839843750000e-02
6609	9.110085345097237e-01	3.536987304687500e-02
6610	9.107859549606888e-01	3.619995117187500e-02
6611	9.105929797066294e-01	3.616943359375000e-02
6612	9.103776672925469e-01	3.563842773437500e-02
6613	9.101185408125669e-01	3.651123046875000e-02
6614	9.103520703928613e-01	3.729248046875000e-02
6615	9.104755224753278e-01	3.701171875000000e-02
6616	9.105578770814029e-01	3.724365234375000e-02
6617	9.106958890316984e-01	3.697509765625000e-02
6618	9.104125818847094e-01	3.673095703125000e-02
6619	9.100286082259559e-01	3.675537109375000e-02
6620	9.102202805560390e-01	3.616943359375000e-02
6621	9.104382291196740e-01	3.719482421875000e-02
6622	9.097778861704146e-01	3.733520507812500e-02
6623	9.102121713579505e-01	3.671875000000000e-02
6624	9.097671905758044e-01	3.666992187500000e-02
6625	9.104654194367536e-01	3.733520507812500e-02
6626	9.112033728667471e-01	3.556518554687500e-02
6627	9.110592414309715e-01	3.540649414062500e-02
6628	9.105184946656727e-01	3.600463867187500e-02
6629	9.100695931600544e-01	3.615722656250000e-02
6630	9.098108150873627e-01	3.782958984375000e-02
6631	9.096392618836729e-01	3.665161132812500e-02
6632	9.097731498686522e-01	3.805541992187500e-02
6633	9.092104436037495e-01	3.821411132812500e-02
6634	9.095609968542484e-01	3.775634765625000e-02
6635	9.095046455672736e-01	3.740844726562500e-02
6636	9.091219722465441e-01	3.765258789062500e-02
6637	9.094253661101900e-01	3.815917968750000e-02
6638	9.098796082828103e-01	3.666381835937500e-02
6639	9.092102433317271e-01	3.769531250000000e-02
6640	9.098452052732863e-01	3.764038085937500e-02
6641	9.100424406940792e-01	3.646850585937500e-02
6642	9.102716182958738e-01	3.711547851562500e-02
6643	9.093263727331954e-01	3.686523437500000e-02
6644	9.107180111219261e-01	3.773803710937500e-02
6645	9.112226658897503e-01	3.569335937500000e-02
6646	9.100017585267418e-01	3.626098632812500e-02
6647	9.103052181651142e-01	3.740844726562500e-02
6648	9.106486763355038e-01	3.502807617187500e-02
6649	9.106826071669136e-01	3.679809570312500e-02
6650	9.110824620858091e-01	3.635864257812500e-02
6651	9.111988159979475e-01	3.609008789062500e-02
6652	9.106344289737834e-01	3.659057617187500e-02
6653	9.099756605140956e-01	3.731079101562500e-02
6654	9.101367762604249e-01	3.726806640625000e-02
6655	9.108195622826791e-01	3.622436523437500e-02
6656	9.110753904459378e-01	3.594970703125000e-02
6657	9.111849829681810e-01	3.709106445312500e-02
6658	9.100875385320301e-01	3.679199218750000e-02
6659	9.109177381185002e-01	3.715209960937500e-02
6660	9.112010010716517e-01	3.606567382812500e-02
6661	9.107804951341946e-01	3.594360351562500e-02
6662	9.106035059088265e-01	3.564453125000000e-02
6663	9.109747258551253e-01	3.641357421875000e-02
6664	9.100902619998802e-01	3.590087890625000e-02
6665	9.107056033845535e-01	3.560180664062500e-02
6666	9.109134692980377e-01	3.637695312500000e-02
6667	9.110990028836876e-01	3.735351562500000e-02
6668	9.110541135408848e-01	3.514404296875000e-02
6669	9.111209519213023e-01	3.596801757812500e-02
6670	9.110333641409989e-01	3.664550781250000e-02
6671	9.111173506279872e-01	3.547973632812500e-02
6672	9.104685483711606e-01	3.562011718750000e-02
6673	9.105059724331576e-01	3.589477539062500e-02
6674	9.101152918245138e-01	3.636474609375000e-02
6675	9.098269790759196e-01	3.594970703125000e-02
6676	9.097541783119620e-01	3.682861328125000e-02
6677	9.104276214154908e-01	3.699951171875000e-02
6678	9.100800881672130e-01	3.648681640625000e-02
6679	9.103988641160060e-01	3.603515625000000e-02
6680	9.113152778788400e-01	3.566894531250000e-02
6681	9.107950173164606e-01	3.740234375000000e-02
6682	9.104027374995476e-01	3.648071289062500e-02
6683	9.110689170712950e-01	3.605346679687500e-02
6684	9.108058333424450e-01	3.596191406250000e-02
6685	9.104639701075045e-01	3.669433593750000e-02
6686	9.103683980215626e-01	3.582763671875000e-02
6687	9.105795203750987e-01	3.688354492187500e-02
6688	9.102131952240953e-01	3.603515625000000e-02
6689	9.096423840496537e-01	3.663330078125000e-02
6690	9.101793468343012e-01	3.643798828125000e-02
6691	9.093098060840522e-01	3.722534179687500e-02
6692	9.093415761973603e-01	3.789062500000000e-02
6693	9.089446212696345e-01	3.730468750000000e-02
6694	9.092248065127230e-01	3.684692382812500e-02
6695	9.098587088942982e-01	3.688964843750000e-02
6696	9.094747935582633e-01	3.629760742187500e-02
6697	9.097456156897940e-01	3.699340820312500e-02
6698	9.103227401669626e-01	3.616943359375000e-02
6699	9.101387897782746e-01	3.787231445312500e-02
6700	9.103657536374937e-01	3.593139648437500e-02
6701	9.096485937478870e-01	3.711547851562500e-02
6702	9.111126215158789e-01	3.616333007812500e-02
6703	9.105752020370589e-01	3.647460937500000e-02
6704	9.102154200646786e-01	3.681030273437500e-02
6705	9.102187724862948e-01	3.746337890625000e-02
6706	9.103520484803900e-01	3.701782226562500e-02
6707	9.101517820248940e-01	3.718261718750000e-02
6708	9.102608970822228e-01	3.573608398437500e-02
6709	9.097152655341877e-01	3.724975585937500e-02
6710	9.099022274393596e-01	3.715820312500000e-02
6711	9.099140601790537e-01	3.727416992187500e-02
6712	9.102126284477078e-01	3.670654296875000e-02
6713	9.097834938113873e-01	3.695068359375000e-02
6714	9.089683761871372e-01	3.699951171875000e-02
6715	9.090327996782444e-01	3.635864257812500e-02
6716	9.093691207817898e-01	3.718261718750000e-02
6717	9.087785023684859e-01	3.750000000000000e-02
6718	9.085831537075939e-01	3.711547851562500e-02
6719	9.087609095878794e-01	3.738403320312500e-02
6720	9.083838018238636e-01	3.720092773437500e-02
6721	9.082316505402814e-01	3.740234375000000e-02
6722	9.083410408894821e-01	3.838500976562500e-02
6723	9.080991854661985e-01	3.804321289062500e-02
6724	9.082748696697854e-01	3.863525390625000e-02
6725	9.082822302409753e-01	3.771362304687500e-02
6726	9.088414995063844e-01	3.746337890625000e-02
6727	9.103585990056727e-01	3.668823242187500e-02
6728	9.095322078609569e-01	3.593139648437500e-02
6729	9.102387539535141e-01	3.616333007812500e-02
6730	9.107677155172930e-01	3.619384765625000e-02
6731	9.106897436464337e-01	3.530273437500000e-02
6732	9.100780532657504e-01	3.577880859375000e-02
6733	9.101475829611081e-01	3.704833984375000e-02
6734	9.101585851091044e-01	3.550415039062500e-02
6735	9.111552169228729e-01	3.552246093750000e-02
6736	9.106154155789711e-01	3.671875000000000e-02
6737	9.110073266494717e-01	3.565063476562500e-02
6738	9.110741298019058e-01	3.620605468750000e-02
6739	9.106778375265258e-01	3.679199218750000e-02
6740	9.110657607744942e-01	3.637084960937500e-02
6741	9.107718307814348e-01	3.578491210937500e-02
6742	9.104385222785097e-01	3.602905273437500e-02
6743	9.107820154124836e-01	3.580932617187500e-02
6744	9.112516562347041e-01	3.518066406250000e-02
6745	9.103031653491288e-01	3.699340820312500e-02
6746	9.089376937149979e-01	3.707885742187500e-02
6747	9.095429056341201e-01	3.726806640625000e-02
6748	9.097398685483689e-01	3.734130859375000e-02
6749	9.082178807855609e-01	3.743896484375000e-02
6750	9.083086552622097e-01	3.740844726562500e-02
6751	9.093184478413715e-01	3.732910156250000e-02
6752	9.086338848717145e-01	3.787231445312500e-02
6753	9.091500538427776e-01	3.721923828125000e-02
6754	9.100068324993473e-01	3.648071289062500e-02
6755	9.095505914432501e-01	3.643188476562500e-02
6756	9.096926570269058e-01	3.584594726562500e-02
6757	9.094651575195094e-01	3.706665039062500e-02
6758	9.086247309289091e-01	3.798828125000000e-02
6759	9.095519433737969e-01	3.665771484375000e-02
6760	9.095626574705659e-01	3.668212890625000e-02
6761	9.093508662403144e-01	3.751831054687500e-02
6762	9.090360884462393e-01	3.748779296875000e-02
6763	9.089238604703715e-01	3.729248046875000e-02
6764	9.093199688441187e-01	3.759155273437500e-02
6765	9.095121737056249e-01	3.719482421875000e-02
6766	9.101475193493124e-01	3.793334960937500e-02
6767	9.091998879390107e-01	3.638916015625000e-02
6768	9.088674231166958e-01	3.728637695312500e-02
6769	9.093424503561551e-01	3.687133789062500e-02
6770	9.088990294455491e-01	3.703002929687500e-02
6771	9.088517555717469e-01	3.787231445312500e-02
6772	9.086016336307988e-01	3.701171875000000e-02
6773	9.092991463947603e-01	3.680419921875000e-02
6774	9.091134720925870e-01	3.783569335937500e-02
6775	9.092600753714132e-01	3.798828125000000e-02
6776	9.091399472233920e-01	3.670654296875000e-02
6777	9.085964240787628e-01	3.834228515625000e-02
6778	9.085168102972361e-01	3.818969726562500e-02
6779	9.093750304557759e-01	3.683471679687500e-02
6780	9.100605092218951e-01	3.782958984375000e-02
6781	9.098196167766121e-01	3.713989257812500e-02
6782	9.096398652082582e-01	3.632202148437500e-02
6783	9.096012945968487e-01	3.729248046875000e-02
6784	9.092774589342086e-01	3.764648437500000e-02
6785	9.092555563740237e-01	3.807373046875000e-02
6786	9.100305787723472e-01	3.688354492187500e-02
6787	9.105452810653901e-01	3.692016601562500e-02
6788	9.104271837799008e-01	3.576660156250000e-02
6789	9.111285657451494e-01	3.639526367187500e-02
6790	9.109718965951710e-01	3.551635742187500e-02
6791	9.093042785845492e-01	3.721923828125000e-02
6792	9.096091363150949e-01	3.768920898437500e-02
6793	9.093256134985676e-01	3.638916015625000e-02
6794	9.090068305633016e-01	3.845825195312500e-02
6795	9.089792200696237e-01	3.759155273437500e-02
6796	9.097234020249725e-01	3.725585937500000e-02
6797	9.099539409029384e-01	3.676757812500000e-02
6798	9.105766402495411e-01	3.651123046875000e-02
6799	9.102349136292682e-01	3.677978515625000e-02
6800	9.098670919691356e-01	3.627319335937500e-02
6801	9.105409335586639e-01	3.740234375000000e-02
6802	9.098449618780621e-01	3.665161132812500e-02
6803	9.104217888627133e-01	3.741455078125000e-02
6804	9.099376348246886e-01	3.602294921875000e-02
6805	9.101373659721929e-01	3.743286132812500e-02
6806	9.100422743488591e-01	3.743286132812500e-02
6807	9.109202459247613e-01	3.665771484375000e-02
6808	9.099079874814846e-01	3.718872070312500e-02
6809	9.095663098100221e-01	3.552856445312500e-02
6810	9.097465048202064e-01	3.814697265625000e-02
6811	9.100897826605286e-01	3.708496093750000e-02
6812	9.099669289385869e-01	3.682250976562500e-02
6813	9.100302778640174e-01	3.676147460937500e-02
6814	9.105112469774665e-01	3.631591796875000e-02
6815	9.109648602820849e-01	3.690795898437500e-02
6816	9.111619919223467e-01	3.601684570312500e-02
6817	9.109796927091668e-01	3.604125976562500e-02
6818	9.104003159760796e-01	3.610229492187500e-02
6819	9.100315133056841e-01	3.709716796875000e-02
6820	9.097520013253035e-01	3.624877929687500e-02
6821	9.094510548592895e-01	3.576660156250000e-02
6822	9.103143228228693e-01	3.663330078125000e-02
6823	9.102720099670990e-01	3.676757812500000e-02
6824	9.107967951563459e-01	3.583374023437500e-02
6825	9.097242642132860e-01	3.596801757812500e-02
6826	9.107374536488199e-01	3.682250976562500e-02
6827	9.103854421889426e-01	3.663940429687500e-02
6828	9.106039770621241e-01	3.632202148437500e-02
6829	9.097308527690070e-01	3.657226562500000e-02
6830	9.099771143220342e-01	3.737792968750000e-02
6831	9.097089942538044e-01	3.751831054687500e-02
6832	9.100274494651628e-01	3.641967773437500e-02
6833	9.099882196160558e-01	3.727416992187500e-02
6834	9.102772522908911e-01	3.675537109375000e-02
6835	9.105804064064179e-01	3.602294921875000e-02
6836	9.092770980863137e-01	3.663940429687500e-02
6837	9.093267987226277e-01	3.810424804687500e-02
6838	9.096621421740352e-01	3.755493164062500e-02
6839	9.100136537638216e-01	3.628540039062500e-02
6840	9.092624171745904e-01	3.701782226562500e-02
6841	9.088610111529872e-01	3.751831054687500e-02
6842	9.098113639719529e-01	3.701782226562500e-02
6843	9.097311246108015e-01	3.662719726562500e-02
6844	9.104301291970720e-01	3.616333007812500e-02
6845	9.110637320178174e-01	3.737182617187500e-02
6846	9.109797147485520e-01	3.666992187500000e-02
6847	9.105230128437111e-01	3.561401367187500e-02
6848	9.104810971183945e-01	3.579101562500000e-02
6849	9.099146889358334e-01	3.703002929687500e-02
6850	9.110329594577792e-01	3.754272460937500e-02
6851	9.105528421131864e-01	3.695678710937500e-02
6852	9.110409246109764e-01	3.653564453125000e-02
6853	9.106426706114447e-01	3.610839843750000e-02
6854	9.112336288992454e-01	3.644409179687500e-02
6855	9.106263109684721e-01	3.681030273437500e-02
6856	9.104486343737079e-01	3.663940429687500e-02
6857	9.097941568024758e-01	3.671875000000000e-02
6858	9.100833367246762e-01	3.643188476562500e-02
6859	9.090928362227922e-01	3.744506835937500e-02
6860	9.089301799974697e-01	3.706054687500000e-02
6861	9.093548001195929e-01	3.726196289062500e-02
6862	9.097721185155891e-01	3.701171875000000e-02
6863	9.097912513508518e-01	3.664550781250000e-02
6864	9.105351988725811e-01	3.713378906250000e-02
6865	9.096998087961022e-01	3.641357421875000e-02
6866	9.098661155197237e-01	3.754882812500000e-02
6867	9.105493862887394e-01	3.696289062500000e-02
6868	9.108345777395700e-01	3.621215820312500e-02
6869	9.097409024821378e-01	3.781127929687500e-02
6870	9.102575840767421e-01	3.733520507812500e-02
6871	9.097490869340591e-01	3.709716796875000e-02
6872	9.099572221669542e-01	3.745117187500000e-02
6873	9.102178842937687e-01	3.634643554687500e-02
6874	9.101416335775264e-01	3.776855468750000e-02
6875	9.103477487328706e-01	3.645019531250000e-02
6876	9.105066266291671e-01	3.593750000000000e-02
6877	9.102650432431655e-01	3.671875000000000e-02
6878	9.104584032929025e-01	3.651123046875000e-02
6879	9.101115420913284e-01	3.674926757812500e-02
6880	9.107523318980637e-01	3.620605468750000e-02
6881	9.102431124729412e-01	3.604736328125000e-02
6882	9.095709705817288e-01	3.776855468750000e-02
6883	9.089498043977224e-01	3.803710937500000e-02
6884	9.098611944105285e-01	3.762817382812500e-02
6885	9.097565822346064e-01	3.705444335937500e-02
6886	9.104246013869206e-01	3.714599609375000e-02
6887	9.107223110965333e-01	3.646240234375000e-02
6888	9.106770712068305e-01	3.624267578125000e-02
6889	9.096148578335020e-01	3.662719726562500e-02
6890	9.097629775991557e-01	3.723754882812500e-02
6891	9.096562815916452e-01	3.735351562500000e-02
6892	9.097120175724132e-01	3.631591796875000e-02
6893	9.088837637825415e-01	3.732910156250000e-02
6894	9.092486458064308e-01	3.738403320312500e-02
6895	9.092938500934095e-01	3.659057617187500e-02
6896	9.103797760859829e-01	3.624267578125000e-02
6897	9.095404717583784e-01	3.744506835937500e-02
6898	9.094656571384566e-01	3.718872070312500e-02
6899	9.099227777259191e-01	3.714599609375000e-02
6900	9.091784394590746e-01	3.856811523437500e-02
6901	9.100997881413010e-01	3.750000000000000e-02
6902	9.106214393017100e-01	3.660888671875000e-02
6903	9.099276170510290e-01	3.640136718750000e-02
6904	9.108202147697683e-01	3.757934570312500e-02
6905	9.099223953278847e-01	3.621826171875000e-02
6906	9.103477206356666e-01	3.645629882812500e-02
6907	9.108275356861896e-01	3.651123046875000e-02
6908	9.106017010618578e-01	3.684692382812500e-02
6909	9.107540098492120e-01	3.592529296875000e-02
6910	9.099399103133959e-01	3.721923828125000e-02
6911	9.098708033278031e-01	3.742675781250000e-02
6912	9.101757641044208e-01	3.671264648437500e-02
6913	9.096808972485539e-01	3.612670898437500e-02
6914	9.104012709647535e-01	3.695678710937500e-02
6915	9.109566844323121e-01	3.544921875000000e-02
6916	9.107038521217762e-01	3.599853515625000e-02
6917	9.100618061947970e-01	3.655395507812500e-02
6918	9.107501251674616e-01	3.718872070312500e-02
6919	9.105983323207938e-01	3.694458007812500e-02
6920	9.108445732398706e-01	3.608398437500000e-02
6921	9.104465488705854e-01	3.593750000000000e-02
6922	9.102390855471710e-01	3.669433593750000e-02
6923	9.100598448866982e-01	3.613281250000000e-02
6924	9.105571032423011e-01	3.599853515625000e-02
6925	9.103630805552948e-01	3.634033203125000e-02
6926	9.095619870256889e-01	3.684082031250000e-02
6927	9.095790545966800e-01	3.690185546875000e-02
6928	9.095670161002157e-01	3.733520507812500e-02
6929	9.097877270604643e-01	3.679199218750000e-02
6930	9.099710068094634e-01	3.692016601562500e-02
6931	9.099087776590115e-01	3.643798828125000e-02
6932	9.103078253106097e-01	3.724975585937500e-02
6933	9.108167805664288e-01	3.681640625000000e-02
6934	9.098323843974927e-01	3.708496093750000e-02
6935	9.094769449249047e-01	3.704223632812500e-02
6936	9.110091526278955e-01	3.704833984375000e-02
6937	9.112888628441208e-01	3.604736328125000e-02
6938	9.107100348446417e-01	3.685302734375000e-02
6939	9.101037903611848e-01	3.656616210937500e-02
6940	9.106881233254455e-01	3.660278320312500e-02
6941	9.104025061536872e-01	3.526000976562500e-02
6942	9.103317287347226e-01	3.565673828125000e-02
6943	9.107080568000528e-01	3.605957031250000e-02
6944	9.117759854120032e-01	3.541870117187500e-02
6945	9.109275655184881e-01	3.507080078125000e-02
6946	9.108664714850878e-01	3.557739257812500e-02
6947	9.096796282612298e-01	3.759765625000000e-02
6948	9.098009630264525e-01	3.724365234375000e-02
6949	9.090547429741053e-01	3.634033203125000e-02
6950	9.091180690605003e-01	3.706054687500000e-02
6951	9.099296722184308e-01	3.791503906250000e-02
6952	9.097172671009854e-01	3.693847656250000e-02
6953	9.106625099912101e-01	3.694458007812500e-02
6954	9.102001395081469e-01	3.657226562500000e-02
6955	9.102801953290235e-01	3.676147460937500e-02
6956	9.103328891493147e-01	3.699340820312500e-02
6957	9.099177633727470e-01	3.599243164062500e-02
6958	9.102657969708335e-01	3.699340820312500e-02
6959	9.100474590620742e-01	3.660278320312500e-02
6960	9.100519811797350e-01	3.724975585937500e-02
6961	9.107360968867186e-01	3.630371093750000e-02
6962	9.101802714071504e-01	3.664550781250000e-02
6963	9.097783025885535e-01	3.704833984375000e-02
6964	9.088128321109923e-01	3.659667968750000e-02
6965	9.087805765139616e-01	3.728027343750000e-02
6966	9.091509249160041e-01	3.679199218750000e-02
6967	9.083702078543618e-01	3.811645507812500e-02
6968	9.088844581493859e-01	3.777465820312500e-02
6969	9.089964260350741e-01	3.767700195312500e-02
6970	9.092839418868283e-01	3.749389648437500e-02
6971	9.094866649239526e-01	3.635864257812500e-02
6972	9.098210606475375e-01	3.735961914062500e-02
6973	9.097426669990215e-01	3.773193359375000e-02
6974	9.095039002418441e-01	3.588867187500000e-02
6975	9.104635712260393e-01	3.698730468750000e-02
6976	9.101768763038721e-01	3.771362304687500e-02
6977	9.096681678441326e-01	3.657836914062500e-02
6978	9.096091725344814e-01	3.718261718750000e-02
6979	9.095016979778801e-01	3.774414062500000e-02
6980	9.089837855290698e-01	3.756103515625000e-02
6981	9.092872619832354e-01	3.770751953125000e-02
6982	9.094754932856884e-01	3.753662109375000e-02
6983	9.100721637791643e-01	3.654174804687500e-02
6984	9.099124170967778e-01	3.682861328125000e-02
6985	9.099176821357390e-01	3.621215820312500e-02
6986	9.103389115929484e-01	3.732299804687500e-02
6987	9.091293751258954e-01	3.673706054687500e-02
6988	9.092224282164926e-01	3.613281250000000e-02
6989	9.101079996811592e-01	3.657836914062500e-02
6990	9.101200356787573e-01	3.650512695312500e-02
6991	9.105168392279078e-01	3.687133789062500e-02
6992	9.100243682376603e-01	3.770141601562500e-02
6993	9.111984246549095e-01	3.632202148437500e-02
6994	9.101272124352772e-01	3.637084960937500e-02
6995	9.102640132441323e-01	3.558959960937500e-02
6996	9.103881349251708e-01	3.591308593750000e-02
6997	9.098978217313646e-01	3.719482421875000e-02
6998	9.104902198021758e-01	3.766479492187500e-02
6999	9.098476360977923e-01	3.791503906250000e-02
7000	9.097346518757758e-01	3.779296875000000e-02
7001	9.100230659277170e-01	3.797607421875000e-02
7002	9.103005613008764e-01	3.675537109375000e-02
7003	9.098189306775507e-01	3.624877929687500e-02
7004	9.101020376611665e-01	3.793945312500000e-02
7005	9.095204643192140e-01	3.682861328125000e-02
7006	9.095134732958017e-01	3.811645507812500e-02
7007	9.097015262768764e-01	3.702392578125000e-02
7008	9.096147446065174e-01	3.746948242187500e-02
7009	9.093359437564875e-01	3.731079101562500e-02
7010	9.102345384011561e-01	3.656005859375000e-02
7011	9.106032685583832e-01	3.587646484375000e-02
7012	9.107179140948016e-01	3.750000000000000e-02
7013	9.105341115426744e-01	3.659057617187500e-02
7014	9.105751925594165e-01	3.627319335937500e-02
7015	9.102354251800774e-01	3.601684570312500e-02
7016	9.101376257572907e-01	3.779907226562500e-02
7017	9.098931105167286e-01	3.743286132812500e-02
7018	9.099083316650366e-01	3.640136718750000e-02
7019	9.102337695069483e-01	3.730468750000000e-02
7020	9.092694103450701e-01	3.636474609375000e-02
7021	9.096866028285825e-01	3.798828125000000e-02
7022	9.097054115282278e-01	3.712158203125000e-02
7023	9.093786893215081e-01	3.619995117187500e-02
7024	9.100682707200104e-01	3.637695312500000e-02
7025	9.094587362922962e-01	3.735961914062500e-02
7026	9.099939677600660e-01	3.702392578125000e-02
7027	9.092681630838909e-01	3.670043945312500e-02
7028	9.085697311371105e-01	3.767700195312500e-02
7029	9.097688826589058e-01	3.761596679687500e-02
7030	9.100927731210020e-01	3.602294921875000e-02
7031	9.098160962863667e-01	3.660888671875000e-02
7032	9.102636280019166e-01	3.639526367187500e-02
7033	9.105232821266157e-01	3.623046875000000e-02
7034	9.103799013399692e-01	3.601684570312500e-02
7035	9.090555735996584e-01	3.764038085937500e-02
7036	9.089652187648104e-01	3.725585937500000e-02
7037	9.098245001611636e-01	3.698120117187500e-02
7038	9.098443248363400e-01	3.724975585937500e-02
7039	9.102529530148772e-01	3.616333007812500e-02
7040	9.100367092040580e-01	3.615112304687500e-02
7041	9.095059309914930e-01	3.717651367187500e-02
7042	9.098420465371483e-01	3.698730468750000e-02
7043	9.098269815377322e-01	3.735961914062500e-02
7044	9.099547008842154e-01	3.730468750000000e-02
7045	9.103126418047586e-01	3.666992187500000e-02
7046	9.100564501463638e-01	3.658447265625000e-02
7047	9.097098369824826e-01	3.726806640625000e-02
7048	9.102724695104688e-01	3.688354492187500e-02
7049	9.091741263393732e-01	3.772583007812500e-02
7050	9.091613872583791e-01	3.716430664062500e-02
7051	9.097908230943537e-01	3.791503906250000e-02
7052	9.099696501480975e-01	3.634033203125000e-02
7053	9.088292379191555e-01	3.682250976562500e-02
7054	9.088945327840335e-01	3.638305664062500e-02
7055	9.088703567732516e-01	3.740844726562500e-02
7056	9.085707018488294e-01	3.677368164062500e-02
7057	9.085249719612148e-01	3.771972656250000e-02
7058	9.088957499656876e-01	3.809204101562500e-02
7059	9.083451680376173e-01	3.780517578125000e-02
7060	9.095130235438997e-01	3.792114257812500e-02
7061	9.098965645488793e-01	3.744506835937500e-02
7062	9.095142560593291e-01	3.598022460937500e-02
7063	9.096926435391546e-01	3.753662109375000e-02
7064	9.090544196179541e-01	3.760375976562500e-02
7065	9.090625312915602e-01	3.713378906250000e-02
7066	9.095420814696512e-01	3.792114257812500e-02
7067	9.098245906192391e-01	3.690185546875000e-02
7068	9.096505071889416e-01	3.726196289062500e-02
7069	9.097823905509679e-01	3.663940429687500e-02
7070	9.097587600718943e-01	3.702392578125000e-02
7071	9.105981060683979e-01	3.629150390625000e-02
7072	9.095194063878882e-01	3.711547851562500e-02
7073	9.096380964048881e-01	3.704833984375000e-02
7074	9.099111674116531e-01	3.687133789062500e-02
7075	9.108669979483076e-01	3.742675781250000e-02
7076	9.106071080109882e-01	3.559570312500000e-02
7077	9.111637410334047e-01	3.713378906250000e-02
7078	9.110744858147917e-01	3.598022460937500e-02
7079	9.112524340268604e-01	3.573608398437500e-02
7080	9.110452942860724e-01	3.562011718750000e-02
7081	9.113051593302440e-01	3.537597656250000e-02
7082	9.114794757868485e-01	3.602294921875000e-02
7083	9.108622191041835e-01	3.618164062500000e-02
7084	9.101756708479214e-01	3.606567382812500e-02
7085	9.105605108984425e-01	3.554687500000000e-02
7086	9.105013001559792e-01	3.651733398437500e-02
7087	9.103919209957184e-01	3.554077148437500e-02
7088	9.098219661567918e-01	3.701171875000000e-02
7089	9.092867813125479e-01	3.656005859375000e-02
7090	9.092326129911165e-01	3.703002929687500e-02
7091	9.097896003942915e-01	3.696899414062500e-02
7092	9.096797361948492e-01	3.701782226562500e-02
7093	9.089352060451529e-01	3.773193359375000e-02
7094	9.101413687842174e-01	3.610839843750000e-02
7095	9.100724787423050e-01	3.650512695312500e-02
7096	9.096858728412283e-01	3.653564453125000e-02
7097	9.109004245330737e-01	3.557128906250000e-02
7098	9.108047015715103e-01	3.547973632812500e-02
7099	9.115866447222961e-01	3.662109375000000e-02
7100	9.104834186418148e-01	3.632812500000000e-02
7101	9.104219514224332e-01	3.648071289062500e-02
7102	9.095266970934412e-01	3.660888671875000e-02
7103	9.092330752434378e-01	3.715820312500000e-02
7104	9.092771596507991e-01	3.713378906250000e-02
7105	9.091881750916831e-01	3.699951171875000e-02
7106	9.090820033204725e-01	3.811645507812500e-02
7107	9.103187702323985e-01	3.756713867187500e-02
7108	9.099380999362315e-01	3.604736328125000e-02
7109	9.100644731212965e-01	3.613891601562500e-02
7110	9.103092772693273e-01	3.728637695312500e-02
7111	9.112591490962210e-01	3.595581054687500e-02
7112	9.116771298304402e-01	3.575439453125000e-02
7113	9.107814767157265e-01	3.601684570312500e-02
7114	9.104674986544871e-01	3.671875000000000e-02
7115	9.102878361591425e-01	3.716430664062500e-02
7116	9.098245034612891e-01	3.690795898437500e-02
7117	9.100945761201613e-01	3.682250976562500e-02
7118	9.098899589073723e-01	3.644409179687500e-02
7119	9.102217997813277e-01	3.670654296875000e-02
7120	9.101023465895671e-01	3.648071289062500e-02
7121	9.095122540619931e-01	3.656616210937500e-02
7122	9.090427133421940e-01	3.675537109375000e-02
7123	9.095000860206365e-01	3.613891601562500e-02
7124	9.091959462638278e-01	3.742065429687500e-02
7125	9.093845156657396e-01	3.700561523437500e-02
7126	9.087954570354938e-01	3.665771484375000e-02
7127	9.088784847484469e-01	3.784179687500000e-02
7128	9.090452844482008e-01	3.795776367187500e-02
7129	9.080869111125089e-01	3.893432617187500e-02
7130	9.093771801885754e-01	3.680419921875000e-02
7131	9.097007622523682e-01	3.784179687500000e-02
7132	9.094918947682604e-01	3.724365234375000e-02
7133	9.104375412600391e-01	3.717651367187500e-02
7134	9.108310013942611e-01	3.646850585937500e-02
7135	9.102557236370957e-01	3.632812500000000e-02
7136	9.107472196504842e-01	3.692626953125000e-02
7137	9.105415926228035e-01	3.663330078125000e-02
7138	9.104315742137632e-01	3.607177734375000e-02
7139	9.102081188454635e-01	3.644409179687500e-02
7140	9.107326386065728e-01	3.616333007812500e-02
7141	9.105026851994245e-01	3.609008789062500e-02
7142	9.098144785671799e-01	3.641357421875000e-02
7143	9.093365525868503e-01	3.662109375000000e-02
7144	9.096027157151823e-01	3.619995117187500e-02
7145	9.090882917516354e-01	3.757934570312500e-02
7146	9.093441480752874e-01	3.765869140625000e-02
7147	9.094723321449544e-01	3.792114257812500e-02
7148	9.088171227164774e-01	3.746337890625000e-02
7149	9.096707192123191e-01	3.662719726562500e-02
7150	9.099060797709292e-01	3.701782226562500e-02
7151	9.095301348032764e-01	3.680419921875000e-02
7152	9.093623237428781e-01	3.577270507812500e-02
7153	9.100800777093343e-01	3.640136718750000e-02
7154	9.105540173468086e-01	3.660278320312500e-02
7155	9.106578587043668e-01	3.645019531250000e-02
7156	9.096646584223711e-01	3.775024414062500e-02
7157	9.097711451032530e-01	3.796386718750000e-02
7158	9.104458153009162e-01	3.682250976562500e-02
7159	9.104039474993774e-01	3.684692382812500e-02
7160	9.108264267620103e-01	3.711547851562500e-02
7161	9.100128829163580e-01	3.671875000000000e-02
7162	9.095862963134280e-01	3.714599609375000e-02
7163	9.104507799230169e-01	3.684082031250000e-02
7164	9.097570158503684e-01	3.753051757812500e-02
7165	9.097197508289296e-01	3.735961914062500e-02
7166	9.089668367541565e-01	3.786621093750000e-02
7167	9.096136005150028e-01	3.648681640625000e-02
7168	9.092716908953636e-01	3.753662109375000e-02
7169	9.092008888371715e-01	3.682861328125000e-02
7170	9.093733822905355e-01	3.651123046875000e-02
7171	9.090123584277235e-01	3.745727539062500e-02
7172	9.093771887145929e-01	3.737182617187500e-02
7173	9.101992200347895e-01	3.709716796875000e-02
7174	9.097931814825103e-01	3.718872070312500e-02
7175	9.088399168925115e-01	3.784179687500000e-02
7176	9.101034302242756e-01	3.789672851562500e-02
7177	9.099417246723456e-01	3.656005859375000e-02
7178	9.097300485357566e-01	3.743286132812500e-02
7179	9.097529890382073e-01	3.724365234375000e-02
7180	9.095915987102647e-01	3.704223632812500e-02
7181	9.088313330748430e-01	3.796997070312500e-02
7182	9.089687594472601e-01	3.742065429687500e-02
7183	9.094796446336861e-01	3.680419921875000e-02
7184	9.095247602071549e-01	3.745117187500000e-02
7185	9.097722462296068e-01	3.590698242187500e-02
7186	9.094489769696948e-01	3.625488281250000e-02
7187	9.097548127541991e-01	3.715209960937500e-02
7188	9.097764798361146e-01	3.654785156250000e-02
7189	9.101941127553181e-01	3.672485351562500e-02
7190	9.099281405058890e-01	3.674316406250000e-02
7191	9.103991752218228e-01	3.626708984375000e-02
7192	9.099126101132456e-01	3.685913085937500e-02
7193	9.099174615725661e-01	3.599243164062500e-02
7194	9.103542069449403e-01	3.663330078125000e-02
7195	9.113987990293082e-01	3.631591796875000e-02
7196	9.102953932670159e-01	3.651123046875000e-02
7197	9.109405071446032e-01	3.634033203125000e-02
7198	9.108545662261082e-01	3.572387695312500e-02
7199	9.103768304674839e-01	3.612060546875000e-02
7200	9.102188398990708e-01	3.679809570312500e-02
7201	9.099998639211470e-01	3.695678710937500e-02
7202	9.098667474789705e-01	3.639526367187500e-02
7203	9.094301195142459e-01	3.652954101562500e-02
7204	9.096198636474863e-01	3.603515625000000e-02
7205	9.090738780987344e-01	3.662109375000000e-02
7206	9.082909232033253e-01	3.719482421875000e-02
7207	9.082242037639796e-01	3.833618164062500e-02
7208	9.093468272992959e-01	3.653564453125000e-02
7209	9.096269730378262e-01	3.719482421875000e-02
7210	9.100636595181869e-01	3.643798828125000e-02
7211	9.095931860637320e-01	3.630371093750000e-02
7212	9.095601293805650e-01	3.790283203125000e-02
7213	9.092721683966521e-01	3.670654296875000e-02
7214	9.102982702736330e-01	3.591308593750000e-02
7215	9.099674653540505e-01	3.662719726562500e-02
7216	9.104818914960258e-01	3.792724609375000e-02
7217	9.101013037440081e-01	3.687133789062500e-02
7218	9.106584667376650e-01	3.643798828125000e-02
7219	9.095541841537749e-01	3.709106445312500e-02
7220	9.091731490519449e-01	3.713989257812500e-02
7221	9.083422110075144e-01	3.801879882812500e-02
7222	9.091814536382593e-01	3.819580078125000e-02
7223	9.086263313806384e-01	3.732299804687500e-02
7224	9.094402979571612e-01	3.812255859375000e-02
7225	9.095864252483570e-01	3.815307617187500e-02
7226	9.101737745215200e-01	3.616333007812500e-02
7227	9.100758858628969e-01	3.641967773437500e-02
7228	9.107868100895842e-01	3.657226562500000e-02
7229	9.099383254797938e-01	3.649291992187500e-02
7230	9.096245670085340e-01	3.695678710937500e-02
7231	9.102265056055866e-01	3.620605468750000e-02
7232	9.098365824184671e-01	3.704223632812500e-02
7233	9.099818160463706e-01	3.650512695312500e-02
7234	9.099036191653225e-01	3.730468750000000e-02
7235	9.102894934001077e-01	3.735961914062500e-02
7236	9.101769284025032e-01	3.662109375000000e-02
7237	9.103971183776634e-01	3.704833984375000e-02
7238	9.110967143169612e-01	3.634033203125000e-02
7239	9.103637945501326e-01	3.648681640625000e-02
7240	9.094890503803595e-01	3.624267578125000e-02
7241	9.102626053710915e-01	3.698120117187500e-02
7242	9.105663082582763e-01	3.738403320312500e-02
7243	9.098928756607475e-01	3.643798828125000e-02
7244	9.094837610303945e-01	3.723144531250000e-02
7245	9.101108971372450e-01	3.737182617187500e-02
7246	9.103803296023817e-01	3.695068359375000e-02
7247	9.096882292023473e-01	3.737182617187500e-02
7248	9.091668880767426e-01	3.691406250000000e-02
7249	9.098766885627704e-01	3.652343750000000e-02
7250	9.105555944854752e-01	3.677368164062500e-02
7251	9.100096710526270e-01	3.654785156250000e-02
7252	9.100730906551009e-01	3.696289062500000e-02
7253	9.102574907718465e-01	3.682250976562500e-02
7254	9.099822857221547e-01	3.655395507812500e-02
7255	9.092778414969618e-01	3.690795898437500e-02
7256	9.099100320457065e-01	3.697509765625000e-02
7257	9.094851270503587e-01	3.680419921875000e-02
7258	9.097833787484103e-01	3.695068359375000e-02
7259	9.091281928120588e-01	3.682250976562500e-02
7260	9.093578121310313e-01	3.712768554687500e-02
7261	9.090898409784430e-01	3.821411132812500e-02
7262	9.098116203804537e-01	3.722534179687500e-02
7263	9.100855687321455e-01	3.656005859375000e-02
7264	9.094749289265905e-01	3.634033203125000e-02
7265	9.093647507933929e-01	3.718261718750000e-02
7266	9.096476018704510e-01	3.724365234375000e-02
7267	9.097984330749651e-01	3.773803710937500e-02
7268	9.101617918655388e-01	3.692016601562500e-02
7269	9.107072497248637e-01	3.713378906250000e-02
7270	9.099309759099053e-01	3.645629882812500e-02
7271	9.107969143843367e-01	3.591918945312500e-02
7272	9.098476042484586e-01	3.676147460937500e-02
7273	9.097179110198129e-01	3.633422851562500e-02
7274	9.089376309977203e-01	3.814697265625000e-02
7275	9.094284317455560e-01	3.763427734375000e-02
7276	9.083377348670322e-01	3.803100585937500e-02
7277	9.093305534310874e-01	3.891601562500000e-02
7278	9.100290405636541e-01	3.784179687500000e-02
7279	9.101117897698986e-01	3.698120117187500e-02
7280	9.105192519576032e-01	3.605957031250000e-02
7281	9.096798488028804e-01	3.682861328125000e-02
7282	9.102046757184028e-01	3.769531250000000e-02
7283	9.092956687734478e-01	3.756103515625000e-02
7284	9.088907522365673e-01	3.746948242187500e-02
7285	9.092719328804032e-01	3.718872070312500e-02
7286	9.088557701628307e-01	3.681640625000000e-02
7287	9.088859632321772e-01	3.833007812500000e-02
7288	9.093661878195456e-01	3.742065429687500e-02
7289	9.091902829493669e-01	3.624267578125000e-02
7290	9.100523535258964e-01	3.708496093750000e-02
7291	9.100364739753121e-01	3.656005859375000e-02
7292	9.103863505218782e-01	3.733520507812500e-02
7293	9.105941038413842e-01	3.642578125000000e-02
7294	9.106527556575065e-01	3.571777343750000e-02
7295	9.108183014080895e-01	3.526611328125000e-02
7296	9.101745667271824e-01	3.690185546875000e-02
7297	9.101030610485018e-01	3.671264648437500e-02
7298	9.105867752348624e-01	3.643798828125000e-02
7299	9.101686487055708e-01	3.713989257812500e-02
7300	9.102347126424797e-01	3.830566406250000e-02
7301	9.097082279585201e-01	3.648681640625000e-02
7302	9.096652642660185e-01	3.776245117187500e-02
7303	9.097848581506759e-01	3.770141601562500e-02
7304	9.096424536760636e-01	3.704223632812500e-02
7305	9.090963816831149e-01	3.848876953125000e-02
7306	9.095158351239266e-01	3.726806640625000e-02
7307	9.094107646590112e-01	3.681030273437500e-02
7308	9.092690470070556e-01	3.753051757812500e-02
7309	9.091370345595364e-01	3.595581054687500e-02
7310	9.089863673809062e-01	3.777465820312500e-02
7311	9.089735498025964e-01	3.695678710937500e-02
7312	9.099299300462533e-01	3.767089843750000e-02
7313	9.101523695030780e-01	3.691406250000000e-02
7314	9.092269134986402e-01	3.716430664062500e-02
7315	9.102438015771107e-01	3.614501953125000e-02
7316	9.098184954675433e-01	3.703613281250000e-02
7317	9.098382323785908e-01	3.696899414062500e-02
7318	9.099554847510499e-01	3.743286132812500e-02
7319	9.101992146383034e-01	3.686523437500000e-02
7320	9.103715641915829e-01	3.694458007812500e-02
7321	9.107074647510828e-01	3.707275390625000e-02
7322	9.101845210209479e-01	3.671875000000000e-02
7323	9.103206466959777e-01	3.741455078125000e-02
7324	9.100030086132644e-01	3.712768554687500e-02
7325	9.101681606340301e-01	3.679809570312500e-02
7326	9.100469503450133e-01	3.668212890625000e-02
7327	9.107996725818573e-01	3.626708984375000e-02
7328	9.103120856495277e-01	3.579711914062500e-02
7329	9.095764406623109e-01	3.665771484375000e-02
7330	9.094166244301397e-01	3.735351562500000e-02
7331	9.102580097426682e-01	3.684082031250000e-02
7332	9.094868699559128e-01	3.753051757812500e-02
7333	9.092556987707581e-01	3.702392578125000e-02
7334	9.096086420540018e-01	3.776855468750000e-02
7335	9.100742882223652e-01	3.651123046875000e-02
7336	9.098223994870401e-01	3.651123046875000e-02
7337	9.098022572816252e-01	3.684692382812500e-02
7338	9.099821924507431e-01	3.764648437500000e-02
7339	9.096393684422254e-01	3.684082031250000e-02
7340	9.103762998225052e-01	3.643188476562500e-02
7341	9.109812991588254e-01	3.585815429687500e-02
7342	9.104883112663397e-01	3.557739257812500e-02
7343	9.101186255095161e-01	3.634643554687500e-02
7344	9.103597519129170e-01	3.710327148437500e-02
7345	9.097377071249270e-01	3.641357421875000e-02
7346	9.092799430779920e-01	3.751831054687500e-02
7347	9.092365497617941e-01	3.671875000000000e-02
7348	9.094937211386777e-01	3.726196289062500e-02
7349	9.095287223825516e-01	3.798217773437500e-02
7350	9.096856278224609e-01	3.659667968750000e-02
7351	9.093419655634175e-01	3.806762695312500e-02
7352	9.101425516135883e-01	3.740234375000000e-02
7353	9.107478414158622e-01	3.776245117187500e-02
7354	9.110673328245079e-01	3.612060546875000e-02
7355	9.110494133557835e-01	3.535156250000000e-02
7356	9.105788774821592e-01	3.494262695312500e-02
7357	9.100444145305863e-01	3.681640625000000e-02
7358	9.101259087665863e-01	3.600463867187500e-02
7359	9.099375339797269e-01	3.679809570312500e-02
7360	9.102224936588562e-01	3.691406250000000e-02
7361	9.103747673740474e-01	3.607788085937500e-02
7362	9.105163207641566e-01	3.625488281250000e-02
7363	9.100536693643660e-01	3.653564453125000e-02
7364	9.103195810008519e-01	3.729248046875000e-02
7365	9.097308586462107e-01	3.701782226562500e-02
7366	9.097026888196958e-01	3.654174804687500e-02
7367	9.090162094870901e-01	3.822631835937500e-02
7368	9.093515559628346e-01	3.801879882812500e-02
7369	9.102807272168384e-01	3.597412109375000e-02
7370	9.091316229531454e-01	3.688354492187500e-02
7371	9.088269121384677e-01	3.705444335937500e-02
7372	9.085635443126373e-01	3.798217773437500e-02
7373	9.085082303635633e-01	3.678588867187500e-02
7374	9.088703721305897e-01	3.797607421875000e-02
7375	9.088900226116334e-01	3.792114257812500e-02
7376	9.088469724642642e-01	3.757324218750000e-02
7377	9.095277982890980e-01	3.701171875000000e-02
7378	9.101848043065633e-01	3.707275390625000e-02
7379	9.102868596575243e-01	3.678588867187500e-02
7380	9.099054970500945e-01	3.662719726562500e-02
7381	9.096132228015154e-01	3.724975585937500e-02
7382	9.100128310594888e-01	3.500976562500000e-02
7383	9.096314608034827e-01	3.737182617187500e-02
7384	9.093885680341378e-01	3.595581054687500e-02
7385	9.093989049005898e-01	3.815307617187500e-02
7386	9.094940073223018e-01	3.749389648437500e-02
7387	9.091028617076594e-01	3.685302734375000e-02
7388	9.095601996905697e-01	3.685913085937500e-02
7389	9.095833171519615e-01	3.641967773437500e-02
7390	9.105760304730622e-01	3.731079101562500e-02
7391	9.101675507677998e-01	3.667602539062500e-02
7392	9.101414503521034e-01	3.738403320312500e-02
7393	9.102419647828427e-01	3.630981445312500e-02
7394	9.099755122544059e-01	3.704223632812500e-02
7395	9.110846927792359e-01	3.643798828125000e-02
7396	9.105264794763070e-01	3.660888671875000e-02
7397	9.106045564873004e-01	3.702392578125000e-02
7398	9.109785385989598e-01	3.606567382812500e-02
7399	9.109955153723829e-01	3.562622070312500e-02
7400	9.105765160939243e-01	3.535156250000000e-02
7401	9.107986083662483e-01	3.659057617187500e-02
7402	9.103465235597330e-01	3.648681640625000e-02
7403	9.105682397505720e-01	3.735351562500000e-02
7404	9.106011431612328e-01	3.593139648437500e-02
7405	9.111080240611762e-01	3.676147460937500e-02
7406	9.093297619763897e-01	3.650512695312500e-02
7407	9.087979299182930e-01	3.727416992187500e-02
7408	9.091048906927801e-01	3.809204101562500e-02
7409	9.094078145833137e-01	3.829345703125000e-02
7410	9.100417694293971e-01	3.798217773437500e-02
7411	9.090062899854184e-01	3.748779296875000e-02
7412	9.097769747511045e-01	3.740234375000000e-02
7413	9.094899917268418e-01	3.622436523437500e-02
7414	9.108197535398014e-01	3.540649414062500e-02
7415	9.103212885147740e-01	3.823852539062500e-02
7416	9.094238675103613e-01	3.731079101562500e-02
7417	9.097883961490073e-01	3.719482421875000e-02
7418	9.094851115115251e-01	3.735351562500000e-02
7419	9.094282752330102e-01	3.822021484375000e-02
7420	9.094954146633988e-01	3.721923828125000e-02
7421	9.095307837993866e-01	3.708496093750000e-02
7422	9.095763624620011e-01	3.808593750000000e-02
7423	9.099962120444633e-01	3.706665039062500e-02
7424	9.106368050442092e-01	3.644409179687500e-02
7425	9.108259452950574e-01	3.591308593750000e-02
7426	9.101208570356815e-01	3.751831054687500e-02
7427	9.097893465980392e-01	3.698120117187500e-02
7428	9.094381768181784e-01	3.682861328125000e-02
7429	9.094021500598665e-01	3.757324218750000e-02
7430	9.093506351169146e-01	3.784179687500000e-02
7431	9.096428119747003e-01	3.814086914062500e-02
7432	9.101347608339628e-01	3.657226562500000e-02
7433	9.110673722973290e-01	3.718261718750000e-02
7434	9.104003726641622e-01	3.635864257812500e-02
7435	9.099644650553422e-01	3.579711914062500e-02
7436	9.094687312902922e-01	3.721313476562500e-02
7437	9.101315640834576e-01	3.750000000000000e-02
7438	9.091203022568449e-01	3.680419921875000e-02
7439	9.100368390086270e-01	3.699951171875000e-02
7440	9.108866816674830e-01	3.587036132812500e-02
7441	9.102721550907537e-01	3.574829101562500e-02
7442	9.104808313905349e-01	3.660888671875000e-02
7443	9.095093743812132e-01	3.649902343750000e-02
7444	9.091648038593964e-01	3.729248046875000e-02
7445	9.101333397606299e-01	3.698120117187500e-02
7446	9.103988297494144e-01	3.638305664062500e-02
7447	9.102725124412632e-01	3.597412109375000e-02
7448	9.106962870608032e-01	3.611450195312500e-02
7449	9.104291955615431e-01	3.580932617187500e-02
7450	9.113323040023128e-01	3.594360351562500e-02
7451	9.110045123514044e-01	3.595581054687500e-02
7452	9.104326116767134e-01	3.643798828125000e-02
7453	9.096857643415541e-01	3.686523437500000e-02
7454	9.100941338354925e-01	3.685913085937500e-02
7455	9.102847258733293e-01	3.703002929687500e-02
7456	9.101323631120338e-01	3.699951171875000e-02
7457	9.100231833478037e-01	3.651733398437500e-02
7458	9.094444078202630e-01	3.650512695312500e-02
7459	9.100980161476245e-01	3.739013671875000e-02
7460	9.100849641677909e-01	3.618164062500000e-02
7461	9.105878986100859e-01	3.687744140625000e-02
7462	9.101824735342295e-01	3.760986328125000e-02
7463	9.097150154329600e-01	3.616333007812500e-02
7464	9.091837245901316e-01	3.692626953125000e-02
7465	9.087451550724411e-01	3.764648437500000e-02
7466	9.099268393269827e-01	3.671264648437500e-02
7467	9.095766281529080e-01	3.624877929687500e-02
7468	9.104708909441461e-01	3.681030273437500e-02
7469	9.096575823690799e-01	3.680419921875000e-02
7470	9.094883839280540e-01	3.746337890625000e-02
7471	9.102708935936269e-01	3.601074218750000e-02
7472	9.106278901611479e-01	3.648071289062500e-02
7473	9.102403458209464e-01	3.693847656250000e-02
7474	9.107513779351217e-01	3.594360351562500e-02
7475	9.108036228479609e-01	3.629760742187500e-02
7476	9.101814504657134e-01	3.591308593750000e-02
7477	9.109074996754539e-01	3.692016601562500e-02
7478	9.097970664253402e-01	3.609008789062500e-02
7479	9.095593422888574e-01	3.716430664062500e-02
7480	9.096401692547639e-01	3.721923828125000e-02
7481	9.103104015266207e-01	3.666992187500000e-02
7482	9.089903921721758e-01	3.634033203125000e-02
7483	9.095057777872654e-01	3.744506835937500e-02
7484	9.090313736838866e-01	3.757324218750000e-02
7485	9.085340213395204e-01	3.720092773437500e-02
7486	9.094176467353235e-01	3.817749023437500e-02
7487	9.087443766465125e-01	3.710327148437500e-02
7488	9.093671680036221e-01	3.809814453125000e-02
7489	9.096335965933017e-01	3.751831054687500e-02
7490	9.094222334575711e-01	3.666381835937500e-02
7491	9.101474014126610e-01	3.709106445312500e-02
7492	9.104917383233881e-01	3.657226562500000e-02
7493	9.108447714427615e-01	3.679809570312500e-02
7494	9.108684632010102e-01	3.726806640625000e-02
7495	9.109338349162716e-01	3.590087890625000e-02
7496	9.106041639904267e-01	3.538818359375000e-02
7497	9.099555810343235e-01	3.712768554687500e-02
7498	9.093827216950374e-01	3.679199218750000e-02
7499	9.091787768671518e-01	3.778686523437500e-02
7500	9.095998673741611e-01	3.676147460937500e-02
7501	9.093000500867684e-01	3.740844726562500e-02
7502	9.096757033081849e-01	3.704223632812500e-02
7503	9.102120509687991e-01	3.718261718750000e-02
7504	9.105111933742606e-01	3.628540039062500e-02
7505	9.111519614109275e-01	3.693847656250000e-02
7506	9.116217409624207e-01	3.618774414062500e-02
7507	9.102769899228664e-01	3.671875000000000e-02
7508	9.103733357353591e-01	3.793945312500000e-02
7509	9.098847872747893e-01	3.613281250000000e-02
7510	9.098424241629902e-01	3.645019531250000e-02
7511	9.093120287935470e-01	3.662719726562500e-02
7512	9.101593210393791e-01	3.616333007812500e-02
7513	9.099098600682666e-01	3.719482421875000e-02
7514	9.084362490644184e-01	3.760986328125000e-02
7515	9.089304559026208e-01	3.674316406250000e-02
7516	9.096856353654365e-01	3.756103515625000e-02
7517	9.094128504465132e-01	3.688354492187500e-02
7518	9.091801799964974e-01	3.759155273437500e-02
7519	9.091373338993582e-01	3.813476562500000e-02
7520	9.103923964646435e-01	3.667602539062500e-02
7521	9.108339668807531e-01	3.618164062500000e-02
7522	9.108727928885805e-01	3.622436523437500e-02
7523	9.107776317115870e-01	3.696899414062500e-02
7524	9.103190952628618e-01	3.577880859375000e-02
7525	9.104824338157944e-01	3.554077148437500e-02
7526	9.105479604227327e-01	3.603515625000000e-02
7527	9.105224461942112e-01	3.702392578125000e-02
7528	9.102604842068227e-01	3.746337890625000e-02
7529	9.109441993628321e-01	3.679199218750000e-02
7530	9.106886532291804e-01	3.668823242187500e-02
7531	9.110532585741583e-01	3.590698242187500e-02
7532	9.102198901325420e-01	3.651733398437500e-02
7533	9.096017251204995e-01	3.729858398437500e-02
7534	9.101353454970971e-01	3.712158203125000e-02
7535	9.102161136803791e-01	3.629760742187500e-02
7536	9.093586227373786e-01	3.687133789062500e-02
7537	9.098404589159892e-01	3.673706054687500e-02
7538	9.096061809604357e-01	3.720092773437500e-02
7539	9.091893650148318e-01	3.818359375000000e-02
7540	9.090762286611858e-01	3.743896484375000e-02
7541	9.098853316977124e-01	3.770141601562500e-02
7542	9.091686594081096e-01	3.645019531250000e-02
7543	9.095128524053263e-01	3.707275390625000e-02
7544	9.091692566828781e-01	3.750000000000000e-02
7545	9.090924079943284e-01	3.696289062500000e-02
7546	9.100377289915818e-01	3.739013671875000e-02
7547	9.091318781090728e-01	3.705444335937500e-02
7548	9.088370487153882e-01	3.660888671875000e-02
7549	9.095086320921326e-01	3.603515625000000e-02
7550	9.087068848033302e-01	3.731079101562500e-02
7551	9.086396156104634e-01	3.854370117187500e-02
7552	9.095431345271879e-01	3.740234375000000e-02
7553	9.102661042062120e-01	3.703613281250000e-02
7554	9.102509816944820e-01	3.748168945312500e-02
7555	9.095778223801823e-01	3.612670898437500e-02
7556	9.099492210077790e-01	3.761596679687500e-02
7557	9.104911713265408e-01	3.666992187500000e-02
7558	9.106465018680886e-01	3.618164062500000e-02
7559	9.097865170974844e-01	3.698730468750000e-02
7560	9.106782577826248e-01	3.744506835937500e-02
7561	9.109001652655881e-01	3.659667968750000e-02
7562	9.109269511681680e-01	3.678588867187500e-02
7563	9.112045345185459e-01	3.556518554687500e-02
7564	9.114592237260427e-01	3.535766601562500e-02
7565	9.106192798470412e-01	3.673095703125000e-02
7566	9.100707617589657e-01	3.661499023437500e-02
7567	9.099616753778434e-01	3.720703125000000e-02
7568	9.098406828583004e-01	3.826904296875000e-02
7569	9.092238036621721e-01	3.654174804687500e-02
7570	9.092483198784066e-01	3.752441406250000e-02
7571	9.103732297398910e-01	3.670043945312500e-02
7572	9.098931284581712e-01	3.713378906250000e-02
7573	9.096275704779414e-01	3.696899414062500e-02
7574	9.102459825321086e-01	3.678588867187500e-02
7575	9.100189135965197e-01	3.658447265625000e-02
7576	9.098260860610056e-01	3.665771484375000e-02
7577	9.095952673139113e-01	3.786621093750000e-02
7578	9.100868340917488e-01	3.730468750000000e-02
7579	9.109751059645864e-01	3.706665039062500e-02
7580	9.098192678347098e-01	3.686523437500000e-02
7581	9.090720141694647e-01	3.728027343750000e-02
7582	9.093779864300363e-01	3.641967773437500e-02
7583	9.089525728442692e-01	3.774414062500000e-02
7584	9.099382121477154e-01	3.775024414062500e-02
7585	9.095075948477747e-01	3.653564453125000e-02
7586	9.096036740014560e-01	3.765869140625000e-02
7587	9.104672268813582e-01	3.713989257812500e-02
7588	9.104595258464051e-01	3.777465820312500e-02
7589	9.091005233512285e-01	3.659057617187500e-02
7590	9.089862037256711e-01	3.730468750000000e-02
7591	9.086808708967199e-01	3.778686523437500e-02
7592	9.091092719550108e-01	3.776245117187500e-02
7593	9.091037371234038e-01	3.775634765625000e-02
7594	9.085318452066988e-01	3.692626953125000e-02
7595	9.091941574987713e-01	3.709106445312500e-02
7596	9.094539667229665e-01	3.753051757812500e-02
7597	9.094950100674527e-01	3.692016601562500e-02
7598	9.102669488357393e-01	3.706665039062500e-02
7599	9.095661622370289e-01	3.724975585937500e-02
7600	9.091463649548540e-01	3.709106445312500e-02
7601	9.096782811801831e-01	3.699951171875000e-02
7602	9.096097950923393e-01	3.735351562500000e-02
7603	9.097103397612551e-01	3.663940429687500e-02
7604	9.098820888987779e-01	3.811645507812500e-02
7605	9.095975905552036e-01	3.755493164062500e-02
7606	9.096258560121009e-01	3.749389648437500e-02
7607	9.108407869146323e-01	3.608398437500000e-02
7608	9.105573017281521e-01	3.645629882812500e-02
7609	9.097614204801890e-01	3.750610351562500e-02
7610	9.093897268808230e-01	3.806762695312500e-02
7611	9.102270197061270e-01	3.737792968750000e-02
7612	9.098801508384723e-01	3.775634765625000e-02
7613	9.107802484244605e-01	3.656616210937500e-02
7614	9.107120109729870e-01	3.602294921875000e-02
7615	9.098689759573532e-01	3.668823242187500e-02
7616	9.094319216645976e-01	3.712158203125000e-02
7617	9.099911887789670e-01	3.814697265625000e-02
7618	9.097041493643615e-01	3.673095703125000e-02
7619	9.090236604158383e-01	3.725585937500000e-02
7620	9.094960545545173e-01	3.723144531250000e-02
7621	9.091701518003307e-01	3.671875000000000e-02
7622	9.091409007031143e-01	3.733520507812500e-02
7623	9.088698601330480e-01	3.862304687500000e-02
7624	9.098469539579762e-01	3.674926757812500e-02
7625	9.106510775404137e-01	3.670654296875000e-02
7626	9.104318725153854e-01	3.613281250000000e-02
7627	9.109093051350393e-01	3.627319335937500e-02
7628	9.104713307706653e-01	3.604736328125000e-02
7629	9.104196986562821e-01	3.669433593750000e-02
7630	9.105176760185391e-01	3.521728515625000e-02
7631	9.106995074700129e-01	3.593139648437500e-02
7632	9.107902617474543e-01	3.629760742187500e-02
7633	9.110877511913698e-01	3.725585937500000e-02
7634	9.108808165462635e-01	3.682250976562500e-02
7635	9.110934084645507e-01	3.569946289062500e-02
7636	9.101304201631318e-01	3.474731445312500e-02
7637	9.102084426185891e-01	3.710937500000000e-02
7638	9.094565461821748e-01	3.680419921875000e-02
7639	9.098882862079561e-01	3.706054687500000e-02
7640	9.103388878638595e-01	3.681030273437500e-02
7641	9.098805779893328e-01	3.599243164062500e-02
7642	9.108636471505632e-01	3.696289062500000e-02
7643	9.106187987012323e-01	3.599853515625000e-02
7644	9.110922379035181e-01	3.558349609375000e-02
7645	9.115567735080289e-01	3.599853515625000e-02
7646	9.122078568428269e-01	3.578491210937500e-02
7647	9.116733121629177e-01	3.474121093750000e-02
7648	9.118180880439187e-01	3.555908203125000e-02
7649	9.111852097809844e-01	3.536987304687500e-02
7650	9.099106351735285e-01	3.770751953125000e-02
7651	9.095157907674345e-01	3.743896484375000e-02
7652	9.106813213735587e-01	3.668823242187500e-02
7653	9.102090235525381e-01	3.555297851562500e-02
7654	9.100736720590140e-01	3.737792968750000e-02
7655	9.108201496276657e-01	3.712158203125000e-02
7656	9.094006105981042e-01	3.753662109375000e-02
7657	9.100185925471077e-01	3.613891601562500e-02
7658	9.097433374885188e-01	3.701782226562500e-02
7659	9.101241323919824e-01	3.740234375000000e-02
7660	9.101229566767702e-01	3.731079101562500e-02
7661	9.100609768997664e-01	3.656005859375000e-02
7662	9.091058701010954e-01	3.702392578125000e-02
7663	9.093812386215427e-01	3.683471679687500e-02
7664	9.099284103483166e-01	3.722534179687500e-02
7665	9.090445731687580e-01	3.618164062500000e-02
7666	9.093718787553877e-01	3.712768554687500e-02
7667	9.095860824162068e-01	3.633422851562500e-02
7668	9.097822715630949e-01	3.744506835937500e-02
7669	9.096336739079153e-01	3.814697265625000e-02
7670	9.092743046430581e-01	3.742675781250000e-02
7671	9.093310895535432e-01	3.703002929687500e-02
7672	9.092132426731597e-01	3.599853515625000e-02
7673	9.091743516477941e-01	3.659667968750000e-02
7674	9.091895471416006e-01	3.766479492187500e-02
7675	9.084393881266412e-01	3.797607421875000e-02
7676	9.081973764227801e-01	3.706054687500000e-02
7677	9.078505648698975e-01	3.838500976562500e-02
7678	9.085566606046988e-01	3.816528320312500e-02
7679	9.085765222431457e-01	3.814697265625000e-02
7680	9.087767879813633e-01	3.735351562500000e-02
7681	9.087268609085296e-01	3.726196289062500e-02
7682	9.089384745098478e-01	3.775634765625000e-02
7683	9.091076612515741e-01	3.673095703125000e-02
7684	9.098412674865098e-01	3.605346679687500e-02
7685	9.102306252865365e-01	3.630371093750000e-02
7686	9.099023195427036e-01	3.652954101562500e-02
7687	9.101880167076858e-01	3.688964843750000e-02
7688	9.111621686960398e-01	3.589477539062500e-02
7689	9.097962931462474e-01	3.700561523437500e-02
7690	9.095868170868782e-01	3.668212890625000e-02
7691	9.088558006499728e-01	3.710937500000000e-02
7692	9.079611771067854e-01	3.824462890625000e-02
7693	9.096875772596427e-01	3.690185546875000e-02
7694	9.107619331812792e-01	3.571166992187500e-02
7695	9.106925635950468e-01	3.583374023437500e-02
7696	9.114566014325236e-01	3.597412109375000e-02
7697	9.114140609394434e-01	3.562011718750000e-02
7698	9.113327164520061e-01	3.717651367187500e-02
7699	9.110010627721064e-01	3.673706054687500e-02
7700	9.112196099971993e-01	3.558959960937500e-02
7701	9.105063351424733e-01	3.732910156250000e-02
7702	9.106737018261524e-01	3.666992187500000e-02
7703	9.108837543804467e-01	3.622436523437500e-02
7704	9.100706375254402e-01	3.698120117187500e-02
7705	9.109876746843700e-01	3.715820312500000e-02
7706	9.116790373327781e-01	3.506469726562500e-02
7707	9.110453281607239e-01	3.563232421875000e-02
7708	9.100643300702891e-01	3.655395507812500e-02
7709	9.106372616764863e-01	3.648071289062500e-02
7710	9.094287011930712e-01	3.676757812500000e-02
7711	9.099768534239024e-01	3.836059570312500e-02
7712	9.099097277489859e-01	3.685302734375000e-02
7713	9.108065732357716e-01	3.647460937500000e-02
7714	9.104825133798790e-01	3.552856445312500e-02
7715	9.111364362769595e-01	3.717651367187500e-02
7716	9.104516581583088e-01	3.630371093750000e-02
7717	9.105357359260946e-01	3.649902343750000e-02
7718	9.107500756333642e-01	3.599243164062500e-02
7719	9.100468810621147e-01	3.623657226562500e-02
7720	9.108472780954457e-01	3.684082031250000e-02
7721	9.100672680409705e-01	3.609008789062500e-02
7722	9.101574192708815e-01	3.717041015625000e-02
7723	9.104509742088377e-01	3.594970703125000e-02
7724	9.099658395228536e-01	3.704223632812500e-02
7725	9.101247007110010e-01	3.666992187500000e-02
7726	9.104754092370070e-01	3.634643554687500e-02
7727	9.102935991350334e-01	3.651123046875000e-02
7728	9.101498420084787e-01	3.623657226562500e-02
7729	9.092538666738800e-01	3.619995117187500e-02
7730	9.093543458090121e-01	3.786621093750000e-02
7731	9.089180152787592e-01	3.693847656250000e-02
7732	9.090938396269480e-01	3.703613281250000e-02
7733	9.088833576426962e-01	3.741455078125000e-02
7734	9.091930620634660e-01	3.759155273437500e-02
7735	9.092369030877987e-01	3.788452148437500e-02
7736	9.093837513620918e-01	3.780517578125000e-02
7737	9.097999075124908e-01	3.713378906250000e-02
7738	9.089321214458844e-01	3.588867187500000e-02
7739	9.099432348226607e-01	3.619995117187500e-02
7740	9.102098045088930e-01	3.655395507812500e-02
7741	9.094951655342807e-01	3.666381835937500e-02
7742	9.089424795729215e-01	3.638916015625000e-02
7743	9.085243428157918e-01	3.724975585937500e-02
7744	9.091726751438319e-01	3.815917968750000e-02
7745	9.087517864039345e-01	3.810424804687500e-02
7746	9.090879288821282e-01	3.696899414062500e-02
7747	9.084781461213490e-01	3.850097656250000e-02
7748	9.092713906478901e-01	3.781738281250000e-02
7749	9.093931517758800e-01	3.713989257812500e-02
7750	9.089420535960770e-01	3.617553710937500e-02
7751	9.097977167465791e-01	3.740234375000000e-02
7752	9.103698089751232e-01	3.698730468750000e-02
7753	9.102619529334245e-01	3.670654296875000e-02
7754	9.100619788083121e-01	3.721923828125000e-02
7755	9.105987880541866e-01	3.648681640625000e-02
7756	9.105486497858442e-01	3.602905273437500e-02
7757	9.107991849600281e-01	3.659057617187500e-02
7758	9.110966394407550e-01	3.632202148437500e-02
7759	9.104659605181427e-01	3.624877929687500e-02
7760	9.105064623307458e-01	3.524169921875000e-02
7761	9.095009678108431e-01	3.704833984375000e-02
7762	9.102879207292925e-01	3.624267578125000e-02
7763	9.097800649893109e-01	3.715820312500000e-02
7764	9.099009709917373e-01	3.729248046875000e-02
7765	9.099352447807485e-01	3.683471679687500e-02
7766	9.105828318895516e-01	3.706054687500000e-02
7767	9.101981100767019e-01	3.829956054687500e-02
7768	9.113634761314416e-01	3.579711914062500e-02
7769	9.113179387378953e-01	3.630371093750000e-02
7770	9.107026773669511e-01	3.527221679687500e-02
7771	9.104771643255090e-01	3.626708984375000e-02
7772	9.101747321970336e-01	3.515014648437500e-02
7773	9.100501915404812e-01	3.739013671875000e-02
7774	9.102649187366363e-01	3.671264648437500e-02
7775	9.096894225964830e-01	3.665161132812500e-02
7776	9.101607616710229e-01	3.675537109375000e-02
7777	9.102482155773154e-01	3.695068359375000e-02
7778	9.100629418473763e-01	3.729248046875000e-02
7779	9.102729350774585e-01	3.605957031250000e-02
7780	9.102381573489269e-01	3.770141601562500e-02
7781	9.109644315977974e-01	3.654785156250000e-02
7782	9.097639341135740e-01	3.644409179687500e-02
7783	9.105151393057959e-01	3.699951171875000e-02
7784	9.095669576266564e-01	3.710937500000000e-02
7785	9.097354821210047e-01	3.758544921875000e-02
7786	9.103694785893207e-01	3.729248046875000e-02
7787	9.104026124964356e-01	3.691406250000000e-02
7788	9.111463465239745e-01	3.773803710937500e-02
7789	9.112008996985662e-01	3.577270507812500e-02
7790	9.111262491056126e-01	3.634033203125000e-02
7791	9.103863498668722e-01	3.638305664062500e-02
7792	9.097722740799927e-01	3.646240234375000e-02
7793	9.096376298162490e-01	3.751831054687500e-02
7794	9.099800459454955e-01	3.765869140625000e-02
7795	9.093191260826671e-01	3.822021484375000e-02
7796	9.093542489887166e-01	3.798828125000000e-02
7797	9.094526633952768e-01	3.817138671875000e-02
7798	9.091787131293118e-01	3.764648437500000e-02
7799	9.093824603323503e-01	3.759765625000000e-02
7800	9.094278835074743e-01	3.731689453125000e-02
7801	9.104030295188038e-01	3.828125000000000e-02
7802	9.104326098707194e-01	3.649291992187500e-02
7803	9.094665278594652e-01	3.750000000000000e-02
7804	9.094731646309202e-01	3.792114257812500e-02
7805	9.099930225765521e-01	3.719482421875000e-02
7806	9.089044093847695e-01	3.685913085937500e-02
7807	9.090121749517345e-01	3.722534179687500e-02
7808	9.095805193834372e-01	3.826293945312500e-02
7809	9.093596702592893e-01	3.723144531250000e-02
7810	9.085414221343472e-01	3.728027343750000e-02
7811	9.086137838587652e-01	3.782348632812500e-02
7812	9.086224911356650e-01	3.776245117187500e-02
7813	9.092940603634659e-01	3.718872070312500e-02
7814	9.084475020568433e-01	3.807373046875000e-02
7815	9.093451337378728e-01	3.811035156250000e-02
7816	9.089691597591073e-01	3.685302734375000e-02
7817	9.092552379726203e-01	3.759155273437500e-02
7818	9.088358791321051e-01	3.734130859375000e-02
7819	9.082019956212681e-01	3.846435546875000e-02
7820	9.079553529025356e-01	3.820190429687500e-02
7821	9.093426239668293e-01	3.782348632812500e-02
7822	9.096232052956662e-01	3.828735351562500e-02
7823	9.094831121145163e-01	3.752441406250000e-02
7824	9.098556517850187e-01	3.644409179687500e-02
7825	9.097523407910821e-01	3.690795898437500e-02
7826	9.098340860453621e-01	3.801269531250000e-02
7827	9.104801779968161e-01	3.734130859375000e-02
7828	9.092030120571825e-01	3.666992187500000e-02
7829	9.102588067756594e-01	3.848266601562500e-02
7830	9.102328105823320e-01	3.717651367187500e-02
7831	9.097979039310311e-01	3.641967773437500e-02
7832	9.097013261410832e-01	3.645629882812500e-02
7833	9.100794659896624e-01	3.703613281250000e-02
7834	9.099904889820748e-01	3.726196289062500e-02
7835	9.102247636896483e-01	3.711547851562500e-02
7836	9.104795337906637e-01	3.579711914062500e-02
7837	9.105456327025756e-01	3.619995117187500e-02
7838	9.102444200351969e-01	3.638305664062500e-02
7839	9.106088151567590e-01	3.659057617187500e-02
7840	9.100110319751521e-01	3.718261718750000e-02
7841	9.097642935602567e-01	3.754882812500000e-02
7842	9.099427533994092e-01	3.648071289062500e-02
7843	9.096700833935759e-01	3.639526367187500e-02
7844	9.097367151180084e-01	3.561401367187500e-02
7845	9.095423748405875e-01	3.747558593750000e-02
7846	9.101861618091722e-01	3.741455078125000e-02
7847	9.105382489392148e-01	3.687133789062500e-02
7848	9.101639471733235e-01	3.634643554687500e-02
7849	9.095733524800379e-01	3.732299804687500e-02
7850	9.087729503764158e-01	3.821411132812500e-02
7851	9.086895636996787e-01	3.836059570312500e-02
7852	9.080225682061154e-01	3.787231445312500e-02
7853	9.086530554904592e-01	3.774414062500000e-02
7854	9.093342371449658e-01	3.804321289062500e-02
7855	9.103131963690352e-01	3.605346679687500e-02
7856	9.093635589702176e-01	3.720092773437500e-02
7857	9.093703516982355e-01	3.703002929687500e-02
7858	9.095027012267813e-01	3.666992187500000e-02
7859	9.100539126238485e-01	3.729248046875000e-02
7860	9.104445925634347e-01	3.666992187500000e-02
7861	9.097759725846805e-01	3.783569335937500e-02
7862	9.092407119955069e-01	3.651733398437500e-02
7863	9.090187441245843e-01	3.749389648437500e-02
7864	9.089246052008123e-01	3.640747070312500e-02
7865	9.095206013987153e-01	3.751831054687500e-02
7866	9.092410128671942e-01	3.777465820312500e-02
7867	9.088746290273567e-01	3.790893554687500e-02
7868	9.092732932528834e-01	3.713989257812500e-02
7869	9.089723108011379e-01	3.660278320312500e-02
7870	9.079172432615347e-01	3.826904296875000e-02
7871	9.085052361513934e-01	3.735351562500000e-02
7872	9.083182773513907e-01	3.775634765625000e-02
7873	9.093863280868054e-01	3.746337890625000e-02
7874	9.098610730791362e-01	3.704833984375000e-02
7875	9.105905501170773e-01	3.613891601562500e-02
7876	9.101659870012170e-01	3.621826171875000e-02
7877	9.106259934713917e-01	3.620605468750000e-02
7878	9.094327739538227e-01	3.681640625000000e-02
7879	9.099708458723405e-01	3.656616210937500e-02
7880	9.093648307521530e-01	3.607177734375000e-02
7881	9.099906503682523e-01	3.657836914062500e-02
7882	9.099737907376449e-01	3.707885742187500e-02
7883	9.102587389185904e-01	3.634033203125000e-02
7884	9.105841834441057e-01	3.666992187500000e-02
7885	9.107652396373180e-01	3.592529296875000e-02
7886	9.107421690993079e-01	3.597412109375000e-02
7887	9.101489993095174e-01	3.657226562500000e-02
7888	9.098684284972013e-01	3.684692382812500e-02
7889	9.096770681520304e-01	3.765258789062500e-02
7890	9.087042565658902e-01	3.648681640625000e-02
7891	9.094552439728242e-01	3.696289062500000e-02
7892	9.092765055204649e-01	3.715209960937500e-02
7893	9.086064214612616e-01	3.668212890625000e-02
7894	9.093600951435047e-01	3.745727539062500e-02
7895	9.090535786272028e-01	3.793334960937500e-02
7896	9.095037518045340e-01	3.749389648437500e-02
7897	9.101340807704915e-01	3.734130859375000e-02
7898	9.102967201262934e-01	3.769531250000000e-02
7899	9.103500990071728e-01	3.663940429687500e-02
7900	9.106062722126262e-01	3.682861328125000e-02
7901	9.101049539822261e-01	3.605957031250000e-02
7902	9.097904311918629e-01	3.749389648437500e-02
7903	9.100197137016991e-01	3.777465820312500e-02
7904	9.102748598684579e-01	3.667602539062500e-02
7905	9.115755375916986e-01	3.591308593750000e-02
7906	9.111496458086048e-01	3.652954101562500e-02
7907	9.106704755137299e-01	3.605957031250000e-02
7908	9.106930189902487e-01	3.558959960937500e-02
7909	9.100572236115344e-01	3.675537109375000e-02
7910	9.098738294292658e-01	3.651733398437500e-02
7911	9.100316499342741e-01	3.670654296875000e-02
7912	9.097799860237675e-01	3.682861328125000e-02
7913	9.097969698903481e-01	3.686523437500000e-02
7914	9.098465668433738e-01	3.732910156250000e-02
7915	9.091991511846919e-01	3.627929687500000e-02
7916	9.088425138888668e-01	3.763427734375000e-02
7917	9.088815179145112e-01	3.724365234375000e-02
7918	9.090928363504650e-01	3.747558593750000e-02
7919	9.095615141167920e-01	3.625488281250000e-02
7920	9.089021050249730e-01	3.697509765625000e-02
7921	9.097964977587149e-01	3.670654296875000e-02
7922	9.098578918050614e-01	3.719482421875000e-02
7923	9.094885004663767e-01	3.599243164062500e-02
7924	9.090653567669409e-01	3.734741210937500e-02
7925	9.084132369170760e-01	3.785400390625000e-02
7926	9.097876239337773e-01	3.831176757812500e-02
7927	9.099959999212232e-01	3.692016601562500e-02
7928	9.095400339423186e-01	3.771362304687500e-02
7929	9.099058136325743e-01	3.755493164062500e-02
7930	9.099060901500132e-01	3.612670898437500e-02
7931	9.105285587098351e-01	3.636474609375000e-02
7932	9.112122830692956e-01	3.582763671875000e-02
7933	9.105079073758456e-01	3.654785156250000e-02
7934	9.109199118599909e-01	3.645629882812500e-02
7935	9.109239949856957e-01	3.624877929687500e-02
7936	9.103902337166606e-01	3.574218750000000e-02
7937	9.107231175177772e-01	3.716430664062500e-02
7938	9.108386090660999e-01	3.690795898437500e-02
7939	9.099512001187139e-01	3.669433593750000e-02
7940	9.098702664137366e-01	3.637695312500000e-02
7941	9.098113627851312e-01	3.713989257812500e-02
7942	9.100586607779281e-01	3.673095703125000e-02
7943	9.099961370047255e-01	3.677368164062500e-02
7944	9.101383748565990e-01	3.701782226562500e-02
7945	9.096285979327092e-01	3.658447265625000e-02
7946	9.105322840323108e-01	3.712158203125000e-02
7947	9.101845421016456e-01	3.643798828125000e-02
7948	9.105591187680675e-01	3.701782226562500e-02
7949	9.098248025817250e-01	3.629760742187500e-02
7950	9.099043144614140e-01	3.744506835937500e-02
7951	9.096143508398044e-01	3.652343750000000e-02
7952	9.089720089299517e-01	3.676757812500000e-02
7953	9.088643981514434e-01	3.760986328125000e-02
7954	9.097872513727167e-01	3.677368164062500e-02
7955	9.102458851735191e-01	3.663330078125000e-02
7956	9.102541206077951e-01	3.809204101562500e-02
7957	9.101286438515078e-01	3.654174804687500e-02
7958	9.101088086557811e-01	3.705444335937500e-02
7959	9.100887016465738e-01	3.785400390625000e-02
7960	9.103559578574294e-01	3.671264648437500e-02
7961	9.097700049306930e-01	3.688354492187500e-02
7962	9.100149918122624e-01	3.706665039062500e-02
7963	9.104222409318344e-01	3.665771484375000e-02
7964	9.102165731080719e-01	3.675537109375000e-02
7965	9.086378655440109e-01	3.709106445312500e-02
7966	9.092384183310522e-01	3.714599609375000e-02
7967	9.095006684925869e-01	3.739624023437500e-02
7968	9.087450332771243e-01	3.766479492187500e-02
7969	9.098299998291224e-01	3.775024414062500e-02
7970	9.098223153844623e-01	3.580932617187500e-02
7971	9.092104905912323e-01	3.684082031250000e-02
7972	9.097425929279650e-01	3.679809570312500e-02
7973	9.095968236446844e-01	3.755493164062500e-02
7974	9.093589158866293e-01	3.687133789062500e-02
7975	9.107507214198493e-01	3.688964843750000e-02
7976	9.098416752996553e-01	3.637084960937500e-02
7977	9.095097634041002e-01	3.771972656250000e-02
7978	9.096317473567103e-01	3.697509765625000e-02
7979	9.093417982737378e-01	3.684082031250000e-02
7980	9.103584000678184e-01	3.654785156250000e-02
7981	9.099939056320757e-01	3.750000000000000e-02
7982	9.093360745339566e-01	3.646850585937500e-02
7983	9.091925621248290e-01	3.741455078125000e-02
7984	9.092835703710435e-01	3.692626953125000e-02
7985	9.093760344382199e-01	3.666381835937500e-02
7986	9.099926786995436e-01	3.656005859375000e-02
7987	9.102290164063120e-01	3.589477539062500e-02
7988	9.099676119860359e-01	3.651123046875000e-02
7989	9.100038956281516e-01	3.634033203125000e-02
7990	9.102608056638397e-01	3.849487304687500e-02
7991	9.091376637171269e-01	3.688354492187500e-02
7992	9.098426461846644e-01	3.658447265625000e-02
7993	9.095774409822995e-01	3.690795898437500e-02
7994	9.103078029950958e-01	3.605957031250000e-02
7995	9.100917825679363e-01	3.778076171875000e-02
7996	9.107084629859085e-01	3.661499023437500e-02
7997	9.100982882810632e-01	3.649902343750000e-02
7998	9.098649213996691e-01	3.638305664062500e-02
7999	9.085041438969231e-01	3.795166015625000e-02
